0 0.26512573964497044 0.7340789473684212 0.003476331360946737 0.013026315789473655
0 0.29504437869822486 0.7300657894736843 0.0031065088757396366 0.011842105263157895
0 0.3525147928994083 0.7356578947368422 0.001701183431952671 0.014473684210526316
0 0.35190458579881656 0.7594407894736841 0.0010724852071005834 0.010986842105263187
0 0.39465606508875745 0.7056250000000002 0.006545857988165697 0.009013157894736872
0 0.3883505917159763 0.7523026315789474 0.0024408284023669144 0.00881578947368427
1 0.3862980769230769 0.7610855263157894 0.0021819526627219273 0.005723684210526346
0 0.38801775147928985 0.7612828947368422 0.0011834319526627386 0.004539473684210436
1 0.5021819526627219 0.7214802631578948 0.0023668639053253935 0.009407894736842075
1 0.5072485207100591 0.7209868421052632 0.003920118343195317 0.0061842105263157
1 0.5597818047337279 0.7351644736842105 0.0036612426035502453 0.0054605263157894435
1 0.5600406804733727 0.7490460526315789 0.002403846153846154 0.003618421052631579
