0 0.39582100591715985 0.5914802631578947 0.0058431952662721725 0.03559210526315791
0 0.3649593195266272 0.592171052631579 0.01771449704142011 0.02250000000000003
0 0.3322485207100592 0.5942434210526316 0.007988165680473381 0.034407894736842075
0 0.2196560650887574 0.6632236842105264 0.009430473372781065 0.03013157894736839
0 0.2999260355029586 0.6859539473684211 0.004142011834319543 0.01888157894736845
0 0.30343934911242604 0.6862171052631578 0.002662721893491141 0.010592105263157835
1 0.38483727810650886 0.7130263157894736 0.0033284023668639054 0.014736842105263218
1 0.3822855029585799 0.7476315789473685 0.002810650887573931 0.013157894736842105
0 0.38589127218934915 0.7480263157894737 0.003291420118343229 0.0125
1 0.5727810650887574 0.7007565789473685 0.0033284023668639054 0.01374999999999991
1 0.5837093195266272 0.699967105263158 0.007063609467455672 0.010855263157894738
1 0.5968934911242604 0.7 0.0036982248520710057 0.017894736842105144
1 0.6363535502958579 0.7280592105263158 0.003624260355029569 0.01388157894736851
0 0.6815273668639052 0.6977631578947368 0.005288461538461521 0.015789473684210527
1 0.6872411242603551 0.7330263157894737 0.005103550295857971 0.009210526315789473
0 0.807544378698225 0.6440789473684211 0.0049556213017751816 0.020526315789473715
0 0.8023113905325443 0.6430592105263159 0.005954142011834286 0.02059210526315794
0 0.774278846153846 0.6455263157894737 0.006693786982248487 0.0277631578947368
0 0.838184171597633 0.6763486842105263 0.007877218934911142 0.02598684210526316
