0 0.32596153846153847 0.5178289473684211 0.01220414201183432 0.057763157894736815
0 0.30085059171597633 0.5170723684210526 0.025295857988165714 0.033618421052631596
0 0.18661242603550296 0.6806907894736842 0.009837278106508864 0.04046052631578955
0 0.16910133136094674 0.6514144736842105 0.006989644970414193 0.02598684210526316
0 0.17697855029585796 0.6554605263157894 0.00802514792899408 0.014605263157894692
0 0.35719304733727814 0.7113486842105263 0.006915680473372798 0.02374999999999994
0 0.3558247041420119 0.7436184210526315 0.004400887573964489 0.015789473684210527
3 0.34961168639053253 0.7441447368421052 0.004918639053254421 0.016842105263157985
3 0.5950258875739645 0.6827960526315789 0.004844674556212984 0.021513157894736873
3 0.6049926035502959 0.683125 0.009467455621301826 0.015723684210526227
0 0.7745931952662722 0.6375657894736843 0.010281065088757464 0.040921052631578976
0 0.7789016272189347 0.6973355263157895 0.011871301775147895 0.03427631578947363
0 0.7259430473372781 0.7023684210526315 0.005584319526627185 0.025131578947368453
3 0.7267936390532544 0.7355263157894737 0.004548816568047405 0.01644736842105263
0 0.7211908284023668 0.7343092105263158 0.004659763313609518 0.014407894736842015
