0 0.05436390532544379 0.7370065789473684 0.011316568047337286 0.03756578947368415
0 0.059892751479289935 0.6642434210526317 0.01046597633136094 0.04348684210526317
0 0.0895155325443787 0.6874013157894736 0.005880177514792901 0.022171052631578977
0 0.09643121301775148 0.6885855263157895 0.006249999999999992 0.011907894736842195
1 0.2989275147928994 0.7612171052631579 0.0040680473372781065 0.014407894736842165
0 0.302810650887574 0.7431250000000001 0.003624260355029611 0.015328947368421022
0 0.3027181952662722 0.7585855263157895 0.0024778106508875487 0.006907894736842105
1 0.502866124260355 0.6948026315789473 0.003143491124260355 0.014868421052631668
1 0.5113720414201184 0.6936513157894736 0.006619822485207134 0.009013157894736872
1 0.6019415680473373 0.7209210526315789 0.0036612426035502453 0.015526315789473624
1 0.602292899408284 0.7419407894736842 0.0040680473372781065 0.011907894736842046
0 0.7062315088757397 0.606217105263158 0.010244082840236703 0.033223684210526315
0 0.7155140532544378 0.6960855263157895 0.008099112426035537 0.02506578947368415
