0 0.347189349112426 0.5353618421052632 0.011686390532544387 0.05059210526315795
0 0.3225221893491124 0.5345065789473684 0.025443786982248504 0.030197368421052615
0 0.18348742603550294 0.6518421052631579 0.008099112426035516 0.025657894736842105
0 0.19306582840236686 0.6562828947368421 0.010170118343195245 0.015986842105263202
0 0.20996671597633135 0.6797039473684211 0.009356508875739628 0.035986842105263185
0 0.207396449704142 0.7262828947368422 0.009689349112426011 0.02888157894736848
0 0.3647004437869823 0.7080921052631579 0.006249999999999992 0.022105263157894676
0 0.3628328402366864 0.7384868421052632 0.005029585798816577 0.01605263157894743
0 0.3565273668639053 0.7389473684210525 0.004622781065088758 0.015921052631578978
0 0.5927884615384615 0.6797368421052632 0.00399408284023667 0.019342105263157956
1 0.6029031065088757 0.6799342105263158 0.008764792899408217 0.012105263157894796
0 0.7582840236686391 0.642203947368421 0.011464497041420118 0.041644736842105234
0 0.7617603550295858 0.6973026315789475 0.011464497041420203 0.028289473684210528
0 0.7179548816568047 0.6998355263157895 0.006397928994082824 0.024276315789473743
0 0.7191198224852071 0.7304605263157894 0.0043639053254438545 0.017105263157894738
0 0.7135355029585799 0.7307894736842105 0.004437869822485207 0.017368421052631637
