0 0.2756656804733728 0.7293750000000001 0.003550295857988174 0.014013157894736812
0 0.2811575443786982 0.7292434210526316 0.0035872781065088926 0.013486842105263158
3 0.3493343195266272 0.7691447368421052 0.0031804733727810734 0.005789473684210496
0 0.3695636094674556 0.6957236842105263 0.008505917159763314 0.011315789473684092
0 0.38178624260355026 0.6941118421052631 0.0035133136094674558 0.019144736842105204
0 0.40109097633136104 0.6923684210526316 0.0030695266272189182 0.0189473684210526
3 0.4955991124260355 0.7244407894736843 0.0022189349112426036 0.010592105263157984
3 0.5066752958579882 0.7237171052631579 0.0026997041420118175 0.011118421052631638
3 0.5113165680473373 0.7216447368421053 0.004585798816567997 0.007631578947368511
0 0.6779400887573965 0.7153618421052631 0.004622781065088758 0.01388157894736851
0 0.6790680473372781 0.7322697368421054 0.0029585798816568047 0.01006578947368418
0 0.6283099112426036 0.7321052631578947 0.0018860946745561794 0.009473684210526375
0 0.6274963017751479 0.7444736842105263 0.004178994082840304 0.009736842105263129
