0 0.14069896449704145 0.736578947368421 0.004178994082840241 0.013289473684210556
1 0.13707470414201184 0.7506578947368421 0.004622781065088758 0.010921052631578887
0 0.1398853550295858 0.7502631578947369 0.002255917159763322 0.006973684210526405
0 0.028161982248520713 0.6644078947368421 0.006989644970414198 0.022631578947368333
0 0.19659763313609463 0.6036184210526315 0.014571005917159754 0.017105263157894738
0 0.20837647928994085 0.6047368421052632 0.006841715976331361 0.029736842105263114
0 0.22205991124260357 0.6057236842105264 0.014534023668639078 0.017631578947368467
1 0.23936760355029585 0.6072368421052632 0.0061760355029585965 0.0317105263157895
0 0.5816568047337278 0.7251315789473685 0.0030325443786982415 0.011578947368420993
0 0.6523483727810651 0.6917763157894737 0.0037352071005916825 0.007105263157894857
0 0.646246301775148 0.6930263157894737 0.0025517751479290276 0.01131578947368424
0 0.6419378698224852 0.6935855263157895 0.002662721893491141 0.006118421052631698
0 0.6358912721893492 0.6943750000000001 0.0025517751479290276 0.011513157894736841
