0 0.004474852071005917 0.6799342105263158 0.007174556213017752 0.022894736842105308
0 0.013332100591715976 0.68125 0.008025147928994083 0.012763157894736902
0 0.027255917159763308 0.6871381578947368 0.006360946745562131 0.021513157894736873
0 0.4485576923076923 0.7212171052631579 0.00399408284023667 0.012171052631578947
0 0.4481508875739645 0.7432565789473684 0.0031804733727810314 0.01124999999999994
3 0.5308247041420118 0.6761513157894737 0.003217455621301792 0.015986842105263202
3 0.5404585798816568 0.6756907894736842 0.007692307692307675 0.011513157894736841
3 0.6147928994082841 0.7074342105263157 0.004215976331360896 0.016184210526315728
0 0.6116309171597633 0.7244078947368421 0.002995562130177565 0.006578947368421052
0 0.6794008875739644 0.649078947368421 0.009467455621301826 0.03526315789473686
0 0.6827662721893492 0.6886184210526316 0.010502958579881691 0.028552631578947427
1 0.8404215976331361 0.5782565789473685 0.008653846153846019 0.015986842105263202
0 0.8492048816568047 0.574967105263158 0.007951183431952663 0.027565789473684196
