0 0.289478550295858 0.6874671052631579 0.003883136094674556 0.006907894736842105
1 0.2946375739644971 0.6869736842105263 0.003772189349112401 0.007631578947368361
0 0.30308801775147926 0.6902302631578948 0.008986686390532569 0.005723684210526346
0 0.310780325443787 0.6893421052631579 0.0026997041420118175 0.008552631578947369
0 0.4994452662721893 0.7490460526315789 0.003920118343195233 0.013223684210526256
3 0.5030140532544379 0.7537828947368421 0.003365384615384666 0.013355263157894856
3 0.5035502958579882 0.7306578947368421 0.0034763313609466953 0.019078947368421053
1 0.7431952662721893 0.6701973684210527 0.007322485207100575 0.02934210526315791
1 0.8646079881656803 0.5921381578947368 0.007914201183431986 0.02940789473684206
1 0.8803069526627219 0.5868421052631579 0.015051775147928928 0.021447368421052573
1 0.8950998520710061 0.5818092105263158 0.0073594674556213355 0.030592105263157896
1 0.9112610946745563 0.5763486842105263 0.0165310650887575 0.022434210526315803
