0 0.3423076923076923 0.6905592105263159 0.003624260355029569 0.017302631578947337
0 0.3525147928994083 0.6901973684210526 0.006952662721893516 0.009210526315789473
0 0.3645340236686391 0.6896710526315789 0.0033284023668639054 0.016842105263157835
0 0.30432692307692305 0.7104934210526316 0.003254437869822468 0.013223684210526256
0 0.3080991124260355 0.7096381578947369 0.0033284023668639054 0.006513157894736752
1 0.6276442307692308 0.706282894736842 0.005362426035502958 0.03217105263157901
0 0.6225406804733727 0.6900000000000002 0.005806213017751496 0.031052631578947398
0 0.6229844674556214 0.7191776315789474 0.0034393491124260185 0.02124999999999997
0 0.6192307692307693 0.6539802631578947 0.0068047337278106 0.030065789473684167
0 0.6149778106508876 0.6646381578947368 0.006656804733727811 0.0278289473684211
1 0.5830251479289941 0.6001315789473685 0.005991124260354962 0.03131578947368423
1 0.5616863905325444 0.6017763157894737 0.012130177514792883 0.017368421052631564
1 0.541771449704142 0.5994407894736842 0.005880177514792933 0.03111842105263155
