0 0.33380177514792897 0.673125 0.009393491124260347 0.027828947368421023
1 0.4157914201183432 0.7404605263157895 0.006434911242603584 0.01368421052631591
0 0.45425295857988174 0.5538486842105264 0.018195266272189366 0.023881578947368393
0 0.4730769230769231 0.5582236842105263 0.011094674556213017 0.05184210526315786
0 0.5822855029585798 0.6763815789473684 0.0067307692307691635 0.009342105263157924
1 0.5744637573964497 0.6769078947368422 0.004770710059171547 0.020263157894736813
1 0.6822115384615385 0.7144407894736843 0.0040680473372781065 0.01638157894736848
0 0.7777366863905325 0.6175657894736842 0.007544378698224718 0.031052631578947325
0 0.7284578402366864 0.6951315789473683 0.0070636094674555875 0.02605263157894746
0 0.48171227810650885 0.7389144736842106 0.0044008875739645304 0.017960526315789444
0 0.7845229289940829 0.6146052631578948 0.0036612426035503294 0.010394736842105307
0 0.3316198224852071 0.7302302631578946 0.006730769230769205 0.021513157894736873
