0 0.34376849112426033 0.6910855263157893 0.003365384615384624 0.017302631578947337
0 0.35375369822485203 0.6905263157894737 0.006841715976331361 0.009210526315789473
0 0.36571745562130176 0.6899342105263159 0.0033284023668639054 0.016842105263157835
0 0.3058801775147929 0.7104934210526316 0.003254437869822468 0.013223684210526256
0 0.3098002958579882 0.7096381578947369 0.0033284023668639054 0.006513157894736752
0 0.31693786982248523 0.7084868421052632 0.002514792899408267 0.011578947368421142
1 0.6270894970414201 0.7068092105263157 0.005362426035502958 0.03217105263157886
0 0.6219119822485207 0.6907894736842105 0.005806213017751496 0.03105263157894725
0 0.6225406804733727 0.7204934210526316 0.0034393491124260185 0.02124999999999997
0 0.6184541420118344 0.654375 0.006804733727810684 0.03006578947368424
0 0.6147928994082841 0.6655592105263157 0.006656804733727811 0.027828947368421023
1 0.5829881656804734 0.6015789473684211 0.005991124260355046 0.03065789473684212
1 0.5615754437869822 0.603421052631579 0.012130177514792966 0.015789473684210527
1 0.5415495562130177 0.6008552631578947 0.005880177514792849 0.03078947368421057
