0 0.28916420118343195 0.6144078947368422 0.007840236686390549 0.036578947368421065
0 0.26005917159763314 0.6164473684210526 0.008210059171597608 0.039342105263157866
0 0.16470044378698226 0.6923684210526316 0.010022189349112413 0.03947368421052639
0 0.19994452662721895 0.6705263157894737 0.006693786982248529 0.024342105263157894
0 0.22241124260355033 0.7219078947368422 0.00687869822485208 0.023157894736842134
0 0.8450628698224852 0.6835526315789474 0.007877218934911142 0.025394736842105203
0 0.8067492603550295 0.6400986842105263 0.006841715976331361 0.02348684210526311
3 0.5620377218934911 0.7283552631578947 0.004622781065088758 0.015394736842105173
3 0.5293454142011834 0.6994407894736843 0.0038091715976331193 0.015723684210526227
3 0.5188794378698226 0.6999013157894737 0.004696745562130194 0.014802631578947368
