0 0.6894785502958579 0.7157894736842105 0.006028106508875723 0.03210526315789486
1 0.5636649408284023 0.7307894736842105 0.004105029585798867 0.015526315789473624
0 0.5588757396449704 0.729967105263158 0.0036982248520710057 0.012960526315789504
3 0.5643491124260355 0.6939144736842106 0.003994082840236754 0.022171052631578828
3 0.510835798816568 0.6635197368421053 0.0038461538461538798 0.021513157894736873
3 0.48319156804733726 0.66125 0.004770710059171631 0.023026315789473683
0 0.23354289940828402 0.49164473684210525 0.01501479289940825 0.05565789473684212
0 0.1377034023668639 0.48773026315789475 0.018158284023668626 0.055460526315789446
0 0.20136834319526628 0.6169407894736842 0.011316568047337244 0.03230263157894731
0 0.2091346153846154 0.6249342105263158 0.009985207100591717 0.029473684210526287
0 0.2170673076923077 0.6317763157894737 0.00987426035502956 0.028684210526315805
0 0.21934171597633131 0.724375 0.005769230769230777 0.01651315789473678
