0 0.3172152366863905 0.7313815789473684 0.009800295857988165 0.026973684210526316
0 0.32196745562130175 0.6704605263157895 0.008284023668639045 0.027236842105263143
0 0.4435281065088758 0.5438815789473684 0.02004437869822487 0.024868421052631623
0 0.46390532544378704 0.5486184210526316 0.010946745562130229 0.05421052631578946
1 0.40674926035502956 0.7421381578947369 0.004548816568047321 0.01625000000000003
0 0.4111686390532544 0.7420065789473683 0.003920118343195233 0.01598684210526313
0 0.5780140532544379 0.678453947368421 0.006693786982248487 0.009802631578947429
1 0.5701553254437869 0.6793750000000001 0.004881656804733745 0.023223684210526285
0 0.7847263313609468 0.6159210526315789 0.00451183431952656 0.011052631578947413
0 0.7783284023668641 0.6168092105263158 0.005769230769230736 0.020328947368421037
0 0.7305658284023668 0.6965789473684211 0.006323964497041387 0.01881578947368415
1 0.680362426035503 0.7173684210526317 0.005177514792899409 0.01631578947368418
