3 0.7304548816568047 0.6601315789473685 0.007877218934911227 0.028026315789473698
0 0.7222818047337278 0.6616447368421053 0.0080251479289941 0.029605263157894735
3 0.5779585798816568 0.5656907894736841 0.013313609467455622 0.020328947368421037
3 0.5609837278106509 0.5686513157894737 0.008949704142011851 0.04190789473684214
0 0.035798816568047336 0.4798026315789473 0.02914201183431952 0.07171052631578947
1 0.045728550295857984 0.487796052631579 0.01852810650887574 0.02953947368421051
3 0.28868343195266266 0.6920394736842106 0.008727810650887582 0.03342105263157892
0 0.2995007396449704 0.6922039473684211 0.009874260355029602 0.03374999999999997
0 0.07422337278106508 0.6091776315789474 0.023668639053254437 0.055986842105263175
0 0.53125 0.7135197368421053 0.0019230769230768557 0.01006578947368418
0 0.5272004437869823 0.7133552631578947 0.0033653846153845817 0.0042105263157895334
1 0.5423816568047337 0.7206907894736841 0.001775147928994066 0.0054605263157894435
1 0.5455066568047338 0.7220394736842105 0.0034393491124260185 0.00499999999999994
