0 0.48441198224852067 0.58375 0.008690828402366863 0.044999999999999984
0 0.4681952662721893 0.5802960526315789 0.015088757396449772 0.019144736842105277
1 0.597189349112426 0.6473355263157895 0.00798816568047334 0.01177631578947367
1 0.5871301775147929 0.6473684210526316 0.005473372781065072 0.02631578947368421
1 0.6759800295857988 0.7076973684210527 0.0035133136094674558 0.021973684210526374
0 0.6714866863905324 0.7101315789473684 0.005473372781065072 0.02736842105263167
1 0.4525702662721893 0.7240460526315791 0.004105029585798783 0.014934210526315819
0 0.45671227810650883 0.7248355263157895 0.00417899408284022 0.015328947368421173
0 0.41605029585798814 0.7067434210526315 0.007618343195266239 0.021776315789473623
0 0.35401257396449703 0.6358552631578948 0.010761834319526594 0.038289473684210554
0 0.566771449704142 0.7201644736842105 0.0015162721893490789 0.008881578947368421
0 0.5633690828402367 0.7204276315789473 0.002625739644970465 0.003618421052631579
1 0.5785872781065089 0.7266118421052632 0.002884615384615452 0.008881578947368421
