0 0.32008136094674555 0.7110855263157894 0.008949704142011851 0.02651315789473681
0 0.45695266272189344 0.5108223684210527 0.01967455621301777 0.0278289473684211
0 0.4812315088757396 0.5144736842105263 0.011797337278106543 0.059605263157894675
3 0.41627218934911236 0.7370065789473684 0.0036982248520710057 0.013881578947368361
0 0.4211908284023669 0.7348026315789474 0.0036982248520710057 0.0125
3 0.5532729289940829 0.6478947368421052 0.005214497041420085 0.02657894736842104
3 0.5609467455621302 0.6451644736842106 0.007914201183431986 0.011250000000000015
3 0.6541605029585799 0.6988815789473686 0.004474852071005967 0.011973684210526346
0 0.6492233727810651 0.7000986842105263 0.0036982248520710057 0.010197368421052632
0 0.7686020710059173 0.6484868421052632 0.008875739644970414 0.023552631578947412
