0 0.19258505917159763 0.5256578947368421 0.011279585798816568 0.052105263157894766
0 0.1524223372781065 0.5247368421052632 0.01542159763313609 0.04947368421052634
0 0.11555103550295857 0.5238157894736842 0.015125739644970406 0.046184210526315744
0 0.08968195266272189 0.6012171052631579 0.00894970414201183 0.03164473684210528
0 0.09722633136094674 0.6069736842105263 0.006139053254437868 0.029605263157894735
0 0.11285133136094674 0.662828947368421 0.009208579881656817 0.027500000000000045
3 0.10377218934911243 0.6967434210526315 0.006508875739644958 0.022039473684210525
0 0.22533284023668637 0.696875 0.0051035502958580135 0.019802631578947308
3 0.4202477810650887 0.6542434210526316 0.004548816568047321 0.019802631578947384
3 0.4333210059171598 0.6549013157894737 0.004289940828402334 0.018486842105263173
0 0.4996301775147929 0.6762828947368421 0.005473372781065156 0.02993421052631579
3 0.5531434911242604 0.6977302631578947 0.0073964497041420114 0.019013157894736902
0 0.6062315088757396 0.6481578947368422 0.0073594674556213355 0.03355263157894737
0 0.5801035502958579 0.6048355263157895 0.0064349112426034995 0.028618421052631578
0 0.5692492603550295 0.6084210526315789 0.008690828402366863 0.02894736842105263
0 0.4052329881656805 0.6828289473684211 0.003291420118343229 0.012894736842105353
0 0.3950073964497041 0.682171052631579 0.0035502958579882163 0.01263157894736845
3 0.3757026627218935 0.7206578947368422 0.00399408284023667 0.013684210526315759
0 0.36762204142011834 0.7103947368421054 0.004326923076923052 0.013289473684210556
3 0.4509060650887574 0.6909868421052633 0.0034393491124261027 0.010394736842105233
3 0.4583949704142012 0.6916447368421054 0.0032544378698225523 0.01131578947368424
