0 0.9784023668639055 0.6392105263157895 0.011982248520710092 0.0405263157894737
0 0.971098372781065 0.58125 0.012463017751479222 0.04828947368421058
0 0.9615939349112425 0.5300328947368421 0.013646449704142045 0.04532894736842104
0 0.7186945266272189 0.6172368421052632 0.003883136094674556 0.021578947368421097
0 0.711667899408284 0.6194078947368421 0.007877218934911227 0.01131578947368424
0 0.7024963017751479 0.61875 0.0044008875739645304 0.023157894736842134
0 0.7257026627218935 0.6169407894736842 0.005473372781065072 0.010855263157894738
1 0.44881656804733727 0.6731250000000001 0.004955621301775097 0.007565789473684285
0 0.44382396449704137 0.6727631578947368 0.0019230769230769399 0.011052631578947338
3 0.42777366863905325 0.6714144736842106 0.0049556213017751816 0.006381578947368451
0 0.4224297337278107 0.6717763157894736 0.002107988165680406 0.01052631578947361
