0 0.12912352071005917 0.6869736842105263 0.004105029585798804 0.014210526315789413
0 0.13831360946745563 0.6578618421052632 0.00399408284023667 0.010065789473684255
0 0.10390162721893492 0.6637171052631579 0.004178994082840241 0.011513157894736841
0 0.2944896449704142 0.6358881578947368 0.007988165680473381 0.009144736842105249
0 0.3012573964497042 0.6367434210526315 0.003624260355029569 0.0157236842105263
0 0.31740014792899407 0.6364802631578947 0.007877218934911227 0.008486842105263143
0 0.3256656804733728 0.6368421052631579 0.003254437869822468 0.016710526315789533
0 0.4074149408284024 0.6758223684210526 0.0015902366863905157 0.009013157894736798
1 0.41225961538461536 0.6761513157894737 0.0035872781065088085 0.004407894736841986
0 0.4192307692307692 0.6748026315789473 0.0014792899408284023 0.0071052631578947065
3 0.42291050295857985 0.67625 0.0033653846153845817 0.0050000000000000894
