3 0.9682137573964498 0.6715131578947369 0.010539940828402367 0.03434210526315785
3 0.9650702662721894 0.6216776315789474 0.009504437869822586 0.03835526315789478
0 0.7790865384615383 0.5999013157894736 0.010761834319526594 0.015197368421052647
3 0.7658468934911242 0.6023026315789474 0.005732248520710059 0.024342105263157894
0 0.7555843195266273 0.6029934210526315 0.009393491124260389 0.014144736842105264
0 0.7422522189349112 0.605328947368421 0.004992603550295858 0.022763157894736857
0 0.6409948224852071 0.6536513157894737 0.005510355029585833 0.026118421052631534
0 0.25647189349112426 0.6256907894736842 0.006656804733727811 0.010855263157894738
1 0.25088757396449707 0.625 0.0031804733727810734 0.017894736842105293
0 0.2432507396449704 0.6235526315789474 0.006693786982248487 0.011842105263157895
1 0.23666789940828403 0.6215131578947368 0.004178994082840262 0.018026315789473668
0 0.23197115384615385 0.6220065789473684 0.0037352071005916825 0.016513157894736858
