3 0.631878698224852 0.6921052631578948 0.0028106508875740148 0.014736842105263218
3 0.6315458579881656 0.6673684210526316 0.00399408284023667 0.01815789473684212
0 0.8612426035502959 0.5763486842105263 0.006878698224852037 0.02717105263157899
0 0.8699889053254437 0.573125 0.01275887573964497 0.018092105263157895
0 0.827292899408284 0.4928618421052631 0.013683431952662722 0.05493421052631579
0 0.7773853550295858 0.6234539473684211 0.005288461538461437 0.020460526315789488
0 0.014515532544378698 0.5813157894736842 0.010835798816568046 0.028157894736842076
1 0.025610207100591715 0.584078947368421 0.01312869822485207 0.017500000000000016
0 0.057932692307692296 0.36026315789473684 0.024445266272189348 0.08500000000000003
0 0.01830621301775148 0.35986842105263156 0.03661242603550296 0.04842105263157893
3 0.2821190828402367 0.6916118421052632 0.008247041420118326 0.016776315789473684
0 0.28513313609467456 0.6707565789473685 0.0046597633136094335 0.019539473684210558
3 0.5175665680473372 0.631842105263158 0.0031804733727810314 0.01671052631578946
3 0.5270155325443787 0.6308223684210527 0.007877218934911227 0.011644736842105293
0 0.8366494082840238 0.6239144736842105 0.009097633136094642 0.03822368421052633
