0 0.3606508875739645 0.6603618421052632 0.005621301775147904 0.02111842105263152
0 0.359689349112426 0.6829605263157894 0.0042159763313609384 0.010657894736842135
1 0.4618897928994083 0.6105592105263158 0.0033653846153845817 0.018881578947368378
1 0.4735392011834319 0.61125 0.008247041420118326 0.010789473684210512
0 0.5583764792899408 0.6757565789473685 0.0036612426035502453 0.012171052631579022
0 0.5634800295857989 0.6749342105263159 0.0037352071005917666 0.01421052631578949
1 0.5625554733727811 0.6519736842105263 0.00417899408284022 0.019342105263157956
0 0.7028291420118342 0.6172697368421053 0.015273668639053238 0.04230263157894734
0 0.6992788461538462 0.5600986842105263 0.013054733727810634 0.04822368421052629
0 0.846209319526627 0.515296052631579 0.009282544378698191 0.029407894736842136
0 0.8711353550295858 0.5044078947368421 0.01268491124260345 0.020131578947368434
0 0.886926775147929 0.49680921052631577 0.009726331360946814 0.03309210526315787
