0 0.2171782544378698 0.6349671052631579 0.002995562130177481 0.01006578947368418
0 0.22107988165680473 0.6338157894736842 0.0022928994082839983 0.010657894736842135
0 0.36910133136094675 0.6232565789473684 0.007433431952662731 0.009671052631578978
0 0.37403846153846154 0.6237828947368421 0.002662721893491141 0.0157236842105263
0 0.37990014792899407 0.6244407894736842 0.006323964497041387 0.009671052631578978
1 0.38801775147928996 0.6243421052631579 0.004289940828402334 0.015263157894736873
0 0.6316568047337278 0.688782894736842 0.002810650887573931 0.010723684210526286
0 0.6328032544378698 0.7017763157894735 0.003254437869822468 0.008684210526315819
0 0.3886834319526627 0.6705921052631578 0.0014053254437870494 0.007105263157894782
0 0.3913461538461538 0.6708223684210527 0.0014053254437869655 0.007565789473684285
0 0.3936390532544379 0.6708552631578948 0.0022928994082840404 0.004605263157894736
0 0.39787352071005916 0.6716776315789474 0.0035133136094674558 0.004539473684210586
