0 0.7455991124260355 0.5259868421052631 0.018269230769230718 0.07368421052631578
0 0.7521634615384616 0.6047368421052632 0.018454142011834353 0.060131578947368404
0 0.7819896449704142 0.5577302631578948 0.007988165680473508 0.029802631578947338
0 0.7908653846153846 0.5525657894736842 0.009763313609467321 0.019078947368421053
0 0.7975221893491125 0.5505263157894736 0.007988165680473508 0.030131578947368468
0 0.07716346153846154 0.6642105263157894 0.005066568047337274 0.01815789473684212
0 0.6803254437869822 0.6361184210526316 0.0064349112426034995 0.02671052631578949
1 0.5519970414201183 0.6401315789473684 0.0031065088757395946 0.015657894736842076
1 0.5602440828402367 0.6401644736842105 0.0064349112426034995 0.010065789473684255
1 0.5665865384615385 0.6402302631578948 0.0030695266272189182 0.01625000000000003
1 0.5720784023668639 0.6411842105263158 0.0065088757396450205 0.010394736842105233
