0 0.09265902366863905 0.13595394736842104 0.031102071005917168 0.1105921052631579
0 0.7577477810650887 0.529375 0.016826923076922993 0.07493421052631577
0 0.7367048816568048 0.39516447368421054 0.010983727810650904 0.05296052631578947
3 0.8947115384615385 0.55125 0.018786982248520608 0.05184210526315786
0 0.8830621301775149 0.4585197368421053 0.02655325443786972 0.0805921052631579
1 0.20630547337278107 0.6261513157894737 0.007137573964497024 0.014934210526315819
1 0.5343565088757397 0.6282236842105263 0.004585798816567997 0.02250000000000003
0 0.5269970414201184 0.6294736842105263 0.0067307692307691635 0.018947368421052678
1 0.533598372781065 0.5879276315789473 0.005658284023668622 0.030723684210526344
1 0.43163831360946747 0.5257236842105263 0.005214497041420169 0.029736842105263186
