0 0.09524778106508874 0.7479934210526314 0.006545857988165676 0.028092105263157925
0 0.22396449704142007 0.7302960526315789 0.013905325443786991 0.04019736842105257
0 0.1860207100591716 0.6648355263157895 0.009467455621301763 0.013355263157894781
0 0.20356878698224853 0.6671381578947368 0.0075073964497041675 0.018618421052631624
0 0.23740754437869824 0.675 0.006545857988165656 0.021052631578947368
0 0.23616863905325444 0.4568421052631579 0.01730769230769229 0.07184210526315793
0 0.3114829881656805 0.44700657894736845 0.028365384615384633 0.035460526315789456
0 0.3885724852071006 0.4363815789473684 0.019008875739645003 0.06921052631578943
0 0.37193047337278107 0.7510197368421054 0.0031065088757396366 0.012039473684210496
3 0.36728920118343195 0.7510197368421054 0.0038091715976331193 0.012697368421052601
0 0.7347633136094674 0.7000657894736841 0.008653846153846187 0.0314473684210526
0 0.7439903846153846 0.7006578947368421 0.009800295857988165 0.03828947368421041
0 0.8691013313609468 0.5467105263157894 0.013868343195266272 0.040394736842105324
0 0.8428439349112427 0.566546052631579 0.01238905325443787 0.03690789473684212
1 0.8304918639053255 0.5739473684210527 0.012832840236686323 0.022631578947368405
0 0.8172707100591716 0.5840131578947368 0.011390532544378766 0.03065789473684212
3 0.6585059171597633 0.7225657894736842 0.004733727810650871 0.017105263157894738
0 0.6544008875739645 0.722828947368421 0.003476331360946779 0.013026315789473655
3 0.5031989644970415 0.6730263157894737 0.0040310650887573456 0.019210526315789428
3 0.4848372781065089 0.6733881578947368 0.008505917159763314 0.01256578947368415
3 0.4690458579881657 0.6722697368421052 0.004881656804733745 0.018749999999999926
