0 0.23920118343195265 0.7448355263157895 0.009245562130177515 0.029671052631579035
0 0.2488350591715976 0.7426644736842105 0.008542899408284031 0.024276315789473594
0 0.7680288461538461 0.699078947368421 0.007211538461538462 0.028552631578947277
0 0.7590976331360947 0.6974671052631579 0.007766272189349112 0.02375000000000009
1 0.6244452662721893 0.6117105263157895 0.0076923076923077595 0.02894736842105263
1 0.5737795857988166 0.6108881578947368 0.007470414201183365 0.03177631578947373
1 0.5388313609467456 0.6113157894736843 0.012426035502958547 0.017763157894736842
1 0.5016826923076924 0.6143421052631579 0.007285502958579899 0.03249999999999999
3 0.5870747041420118 0.7447697368421052 0.0023298816568047167 0.005328947368420993
3 0.5321745562130178 0.722796052631579 0.001997041420118377 0.004539473684210436
3 0.5251109467455621 0.7201315789473683 0.0022189349112426036 0.006052631578947398
0 0.4725036982248521 0.7203947368421053 0.0025517751479289435 0.009078947368421172
0 0.4836908284023669 0.7183881578947368 0.0022928994082840404 0.01006578947368418
0 0.4936205621301775 0.7173684210526317 0.004105029585798783 0.006052631578947398
0 0.501719674556213 0.7168421052631578 0.0025517751479289435 0.008947368421052721
3 0.44223372781065085 0.7551315789473685 0.002366863905325477 0.005394736842105293
3 0.5516272189349112 0.7215789473684212 0.0019230769230769399 0.0034210526315789774
