0 0.7688979289940829 0.6810526315789474 0.007174556213017785 0.03842105263157901
0 0.7661612426035502 0.6355263157894737 0.009097633136094642 0.04197368421052629
3 0.5715791420118344 0.6691118421052631 0.004622781065088758 0.024539473684210573
0 0.5710244082840238 0.6902302631578948 0.005436390532544396 0.015197368421052721
3 0.5274038461538462 0.6214144736842105 0.003920118343195317 0.02401315789473684
3 0.5125924556213017 0.6207236842105263 0.0037352071005916825 0.024210526315789443
0 0.3145155325443787 0.48496710526315795 0.0110576923076923 0.0525657894736842
0 0.28008505917159765 0.48460526315789476 0.011205621301775132 0.05394736842105263
0 0.19001479289940826 0.5573684210526316 0.009615384615384595 0.03526315789473686
0 0.17535133136094674 0.5509868421052632 0.010244082840236682 0.03736842105263155
0 0.14970414201183432 0.5801644736842105 0.010872781065088748 0.0498026315789474
0 0.1003328402366864 0.6522368421052632 0.008653846153846146 0.0411842105263158
0 0.2598742603550296 0.6569078947368421 0.0059911242603550045 0.026842105263157865
0 0.2578957100591716 0.6847039473684211 0.003957100591715993 0.01875
1 0.3570081360946746 0.6957236842105263 0.003883136094674556 0.023552631578947488
