0 0.18241494082840237 0.6829605263157894 0.004696745562130194 0.02407894736842114
0 0.18450443786982249 0.650625 0.006582840236686395 0.028749999999999956
0 0.1642381656804734 0.5844407894736842 0.006360946745562126 0.02901315789473686
0 0.1564534023668639 0.5788815789473684 0.007507396449704146 0.03013157894736839
1 0.13849852071005916 0.6796052631578947 0.00724852071005918 0.035789473684210586
0 0.6296967455621302 0.6451644736842105 0.007248520710059138 0.03467105263157898
0 0.6311760355029586 0.6792105263157895 0.005917159763313609 0.026578947368420962
1 0.5723557692307693 0.6888486842105265 0.0040310650887573456 0.022828947368421084
1 0.4941013313609468 0.6642763157894737 0.004326923076923094 0.02473684210526317
0 0.49008875739644975 0.6904276315789473 0.0031804733727810314 0.02124999999999997
1 0.29990754437869827 0.6895394736842104 0.004178994082840262 0.021447368421052722
1 0.30055473372781066 0.6600986842105263 0.006952662721893516 0.009539473684210526
1 0.3750924556213018 0.618421052631579 0.003957100591715993 0.024605263157894797
1 0.3559726331360947 0.6198684210526316 0.0038091715976331614 0.02315789473684206
1 0.3918454142011835 0.6772368421052632 0.0026997041420118175 0.0051315789473683916
1 0.3861316568047337 0.6780921052631579 0.0029585798816568047 0.004605263157894736
1 0.3947485207100592 0.6924013157894737 0.0023668639053253935 0.0046710526315788875
1 0.39840976331360956 0.6922697368421052 0.0030325443786982415 0.003618421052631579
