0 0.3834689349112426 0.5970394736842105 0.00857988165680475 0.04026315789473687
0 0.24694896449704143 0.7010526315789473 0.007137573964497024 0.04157894736842108
0 0.31257396449704145 0.739703947368421 0.007322485207100617 0.022171052631578977
0 0.3958949704142012 0.7110197368421053 0.003772189349112359 0.018486842105263097
0 0.3956545857988165 0.7319407894736841 0.0038091715976331193 0.018092105263157895
0 0.5150147928994082 0.6992105263157894 0.0031065088757395946 0.01644736842105263
0 0.5680103550295859 0.7371381578947367 0.0031804733727811155 0.018618421052631548
0 0.6797152366863906 0.6785855263157895 0.006693786982248487 0.03072368421052627
0 0.6826368343195266 0.7115460526315789 0.008394970414201201 0.022960526315789532
0 0.5796042899408284 0.7513157894736842 0.0038091715976332034 0.01368421052631591
