0 0.49966715976331355 0.5769407894736842 0.006952662721893474 0.03743421052631577
0 0.48694526627218937 0.5733881578947368 0.011834319526627219 0.015460526315789473
0 0.4725961538461539 0.5774013157894736 0.007840236686390549 0.03782894736842105
0 0.3575628698224852 0.6295065789473684 0.005880177514792891 0.019144736842105277
3 0.4625739644970414 0.6861513157894737 0.002810650887573931 0.008618421052631518
3 0.6718380177514793 0.6293421052631579 0.003143491124260355 0.019078947368421053
3 0.666198224852071 0.6277960526315789 0.00576923076923082 0.008092105263157864
3 0.658801775147929 0.6289144736842106 0.0035502958579882163 0.01822368421052627
0 0.19326923076923078 0.6569736842105263 0.0036982248520710057 0.012763157894736827
0 0.17270710059171598 0.6447368421052632 0.005991124260355046 0.006052631578947398
0 0.1787352071005917 0.6463815789473685 0.0025887573964497044 0.015131578947368421
