0 0.4200258875739645 0.6195723684210527 0.005954142011834286 0.03019736842105269
1 0.5412167159763314 0.7165131578947368 0.0035133136094674558 0.007631578947368511
1 0.5917899408284023 0.7506907894736842 0.0030325443786982415 0.005328947368420993
1 0.48054733727810656 0.7272368421052632 0.0028106508875740148 0.011710526315789444
0 0.2712278106508876 0.7426973684210527 0.005177514792899409 0.011973684210526346
0 0.2694896449704142 0.7152302631578948 0.004437869822485207 0.021118421052631668
0 0.14863165680473372 0.702203947368421 0.004363905325443791 0.01638157894736833
0 0.15543639053254438 0.7105263157894737 0.0053994082840236775 0.009868421052631578
0 0.6394230769230769 0.6738815789473684 0.004733727810650954 0.019999999999999987
0 0.6673261834319526 0.7050657894736843 0.004548816568047321 0.017763157894736842
0 0.670469674556213 0.7341447368421053 0.0026257396449703807 0.012763157894736752
0 0.6248890532544379 0.7513486842105265 0.002736686390532578 0.010723684210526286
0 0.6192492603550296 0.7163486842105262 0.0027736686390532543 0.009802631578947278
