0 0.19818786982248524 0.6122368421052632 0.010133136094674549 0.05513157894736839
0 0.19635724852071007 0.6751644736842105 0.016752958579881662 0.044276315789473726
0 0.3132396449704142 0.6659539473684211 0.008062130177514776 0.026776315789473638
0 0.3126294378698225 0.6992434210526315 0.006841715976331361 0.02638157894736851
0 0.3102255917159763 0.7445723684210527 0.005880177514792891 0.020986842105263217
0 0.3096708579881656 0.725 0.005954142011834328 0.014342105263158014
3 0.30207100591715974 0.7497039473684212 0.006730769230769205 0.011381578947368392
0 0.32353920118343193 0.5122697368421053 0.024889053254437854 0.031513157894736826
0 0.3808431952662722 0.5136184210526316 0.010872781065088748 0.05697368421052633
3 0.4832470414201184 0.6578947368421053 0.0046597633136094335 0.021447368421052573
3 0.501460798816568 0.659375 0.009356508875739628 0.013486842105263158
3 0.5548816568047338 0.7010197368421053 0.004437869822485207 0.021776315789473623
3 0.5557507396449705 0.7363157894736843 0.004770710059171631 0.015394736842105324
0 0.5510539940828402 0.7377302631578947 0.003883136094674556 0.012302631578947398
0 0.5925480769230769 0.7340789473684212 0.008173076923076889 0.024473684210526345
0 0.5942307692307693 0.7042434210526316 0.007100591715976348 0.021776315789473623
0 0.5913091715976332 0.6691447368421052 0.007988165680473423 0.03815789473684203
0 0.5906434911242603 0.6252302631578948 0.007988165680473423 0.0370394736842105
