0 0.0893491124260355 0.7264802631578947 0.01693786982248521 0.053092105263157774
0 0.08866494082840237 0.781842105263158 0.016457100591715977 0.03565789473684214
0 0.1950998520710059 0.72125 0.009282544378698233 0.033289473684210466
0 0.16375739644970413 0.49828947368421056 0.02455621301775147 0.07921052631578945
0 0.29044008875739646 0.7771710526315789 0.0064718934911242604 0.0247368421052631
0 0.28909023668639056 0.8046710526315789 0.006656804733727811 0.014078947368420964
0 0.7208949704142013 0.7101644736842105 0.011538461538461555 0.03019736842105269
0 0.7156989644970414 0.6635197368421052 0.011797337278106543 0.04296052631578952
1 0.6056582840236686 0.7379605263157893 0.003402366863905342 0.017894736842105293
1 0.49796597633136097 0.7231578947368421 0.00451183431952656 0.018157894736842047
0 0.41205621301775147 0.7889473684210526 0.003550295857988132 0.01381578947368421
