1 0.31795488165680474 0.7161184210526316 0.006915680473372798 0.021842105263157774
1 0.3250739644970414 0.7158223684210527 0.005103550295857971 0.00874999999999997
3 0.43979289940828403 0.7905263157894736 0.0036982248520710057 0.007894736842105263
0 0.41900887573964496 0.6433881578947369 0.008505917159763314 0.046644736842105246
0 0.4355584319526627 0.6384868421052632 0.015199704142011801 0.019473684210526258
0 0.4523483727810651 0.6441118421052632 0.009504437869822501 0.04493421052631583
3 0.6603735207100592 0.7357236842105263 0.0038091715976331193 0.02000000000000006
3 0.6683616863905325 0.7344407894736842 0.006397928994082908 0.013223684210526405
3 0.6748150887573965 0.7373355263157895 0.004437869822485207 0.020460526315789415
3 0.7810281065088758 0.7846381578947369 0.0032544378698225523 0.010723684210526286
0 0.7786612426035503 0.7845065789473684 0.0019230769230768557 0.010197368421052632
