0 0.6375184911242603 0.6889144736842105 0.01224112426035508 0.04177631578947376
0 0.4163461538461538 0.6383223684210526 0.015162721893491124 0.019407894736842107
3 0.3824889053254438 0.6401973684210527 0.00972633136094677 0.04921052631578944
3 0.35580621301775145 0.6398026315789473 0.009393491124260347 0.046973684210526376
3 0.4598742603550296 0.7645723684210527 0.003476331360946779 0.01598684210526313
3 0.46501479289940834 0.7648684210526315 0.003772189349112443 0.015657894736842076
0 0.4696930473372782 0.7629276315789474 0.004326923076923094 0.005328947368421142
0 0.2273483727810651 0.723125 0.00610207100591716 0.02532894736842105
0 0.20734097633136095 0.7199013157894737 0.011205621301775132 0.011644736842105144
0 0.11997041420118343 0.6492434210526316 0.014127218934911239 0.04414473684210528
0 0.09607988165680474 0.6429934210526316 0.019748520710059173 0.01888157894736845
