0 0.026072485207100593 0.0599671052631579 0.052144970414201186 0.1199342105263158
0 0.819064349112426 0.4564473684210526 0.024741124260354894 0.0898684210526316
0 0.8410687869822485 0.6898355263157895 0.01793639053254438 0.07624999999999998
0 0.8928809171597633 0.6577960526315789 0.01098372781065082 0.035986842105263185
0 0.9830066568047338 0.6764144736842106 0.015347633136094675 0.04624999999999997
1 0.9877403846153846 0.7253618421052631 0.012315088757396517 0.04138157894736848
3 0.3637573964497041 0.7830263157894737 0.003550295857988174 0.020789473684210465
3 0.5151997041420118 0.7758223684210527 0.0038461538461537956 0.020723684210526314
3 0.5258321005917159 0.7744407894736842 0.008321005917159764 0.012565789473684301
3 0.5852625739644971 0.8123355263157894 0.004696745562130194 0.020986842105263217
3 0.585521449704142 0.8385526315789473 0.004548816568047405 0.014473684210526316
0 0.6393121301775148 0.7876315789473683 0.005991124260355046 0.020921052631578917
0 0.6397374260355029 0.8355592105263158 0.0040310650887573456 0.01638157894736848
