0 0.5871671597633136 0.6816118421052633 0.007914201183431986 0.04256578947368424
0 0.6053254437869823 0.6786842105263158 0.014201183431952697 0.017894736842105293
0 0.36536612426035503 0.7739802631578946 0.010022189349112434 0.03138157894736845
3 0.39430473372781066 0.8381907894736843 0.0033284023668639054 0.009013157894736872
0 0.3819526627218935 0.8285197368421052 0.004807692307692308 0.01125000000000009
0 0.5248890532544379 0.7682565789473684 0.004511834319526644 0.022039473684210525
0 0.5156989644970414 0.7658881578947369 0.007581360946745562 0.009671052631578978
3 0.5856508875739644 0.819671052631579 0.00399408284023667 0.008289473684210616
0 0.6317862426035502 0.8052631578947368 0.00595414201183437 0.009342105263157775
0 0.6246486686390532 0.8042763157894737 0.0036612426035503294 0.014342105263158014
0 0.8455621301775148 0.7490131578947369 0.010281065088757464 0.027763157894736722
0 0.836039201183432 0.7513486842105263 0.00824704142011841 0.029013157894736782
0 0.17988165680473372 0.690328947368421 0.022189349112426034 0.06157894736842099
