0 0.25051775147928995 0.46259868421052636 0.018713017751479297 0.0849342105263158
0 0.20364275147928998 0.7239144736842105 0.010761834319526636 0.03467105263157898
0 0.23774038461538458 0.8151315789473684 0.009282544378698233 0.029210526315789534
0 0.23480029585798814 0.8504934210526316 0.008136094674556213 0.020855263157894616
3 0.3203217455621302 0.8513157894736842 0.005880177514792891 0.01118421052631579
0 0.7950813609467456 0.7079934210526316 0.015088757396449772 0.04690789473684207
0 0.8681582840236687 0.6339802631578947 0.01116863905325437 0.03388157894736842
3 0.6012573964497042 0.8145065789473684 0.005621301775147945 0.022302631578947428
3 0.598594674556213 0.7778289473684211 0.005177514792899409 0.029473684210526287
3 0.5020155325443786 0.7268421052631578 0.004696745562130194 0.02868421052631573
