1 0.7238905325443787 0.8170065789473684 0.004585798816567997 0.02375000000000009
1 0.7162352071005917 0.8158881578947369 0.007618343195266239 0.011381578947368392
1 0.706564349112426 0.8152960526315789 0.004548816568047321 0.023223684210526434
0 0.5105584319526627 0.6491776315789474 0.0144600591715976 0.06138157894736847
0 0.4889423076923077 0.6393092105263158 0.022337278106508825 0.02730263157894737
0 0.46370192307692304 0.6457565789473685 0.014903846153846137 0.06361842105263162
1 0.8661612426035502 0.8841447368421054 0.004881656804733661 0.01499999999999997
0 0.8620931952662724 0.884046052631579 0.0038461538461538798 0.015592105263157775
0 0.3146819526627219 0.7616447368421053 0.008727810650887582 0.024342105263157894
0 0.32144970414201185 0.7615460526315789 0.00687869822485208 0.012171052631578947
