0 0.2667529585798816 0.429046052631579 0.04201183431952663 0.04809210526315791
0 0.313073224852071 0.4465460526315789 0.02703402366863906 0.10453947368421058
1 0.19615384615384615 0.7284539473684211 0.018195266272189346 0.04032894736842117
3 0.31368343195266274 0.8679605263157895 0.0053994082840236775 0.011578947368420993
0 0.1979474852071006 0.73375 0.005954142011834286 0.011842105263157895
1 0.8557507396449704 0.7723355263157895 0.012536982248520744 0.04177631578947368
0 0.8838202662721893 0.6770723684210527 0.016826923076923076 0.04927631578947359
1 0.9010724852071006 0.6694078947368421 0.008801775147929061 0.019473684210526258
0 0.3186945266272189 0.8664144736842104 0.0035872781065088926 0.014276315789473713
3 0.7009985207100592 0.853421052631579 0.005029585798816534 0.021710526315789475
0 0.6950628698224852 0.8519736842105263 0.004844674556212984 0.018026315789473744
3 0.5031989644970415 0.79375 0.005214497041420169 0.029736842105263037
3 0.5186760355029586 0.7919407894736842 0.00872781065088754 0.01256578947368415
