0 0.7951738165680474 0.6648355263157895 0.014312130177514726 0.030855263157894722
0 0.7795857988165681 0.6804934210526316 0.01886094674556213 0.06217105263157887
0 0.7669748520710058 0.6875328947368421 0.019452662721893457 0.06006578947368425
1 0.6234097633136095 0.8720723684210526 0.007914201183431986 0.020723684210526314
0 0.6158468934911243 0.8753947368421052 0.006397928994082908 0.02118421052631582
1 0.5188979289940828 0.7763486842105264 0.008801775147928978 0.04125000000000003
0 0.5069896449704142 0.7729934210526316 0.011390532544378681 0.014539473684210467
1 0.49643121301775145 0.7765131578947368 0.007951183431952663 0.04118421052631573
0 0.18296967455621302 0.8840131578947369 0.007433431952662731 0.021710526315789475
1 0.1758136094674556 0.8778618421052631 0.006213017751479294 0.014013157894736812
