0 0.13840606508875739 0.7569078947368421 0.01882396449704141 0.050921052631579006
0 0.18352440828402367 0.8249013157894737 0.009948224852070997 0.022828947368421084
0 0.24023668639053256 0.8745394736842107 0.006360946745562147 0.013026315789473655
0 0.4121486686390532 0.8038157894736842 0.008394970414201201 0.009868421052631578
0 0.42331730769230774 0.8068092105263157 0.005880177514792849 0.0248026315789474
0 0.5362241124260355 0.8581907894736842 0.0044008875739645304 0.015197368421052572
0 0.5442307692307692 0.8576644736842106 0.0034763313609466953 0.015065789473684121
0 0.5410133136094675 0.8577631578947368 0.004289940828402418 0.007894736842105263
0 0.535780325443787 0.6670394736842105 0.019119822485207032 0.02618421052631576
0 0.5120747041420118 0.6682565789473685 0.01312869822485207 0.05861842105263152
3 0.4904400887573965 0.8767105263157894 0.004992603550295858 0.008552631578947369
