3 0.4348187869822485 0.6813815789473685 0.007581360946745562 0.03171052631578943
3 0.4260355029585799 0.6827302631578948 0.006360946745562063 0.028749999999999956
0 0.450055473372781 0.6766447368421052 0.009504437869822501 0.014605263157894692
1 0.588128698224852 0.7007565789473685 0.005917159763313609 0.023092105263157983
0 0.9168269230769233 0.5004605263157895 0.018639053254437904 0.0277631578947368
1 0.8850036982248521 0.5123355263157895 0.016900887573964598 0.053355263157894676
1 0.8626479289940828 0.6043750000000001 0.00806213017751486 0.030986842105263174
0 0.8765717455621301 0.5977631578947368 0.010318047337277972 0.015526315789473699
0 0.6956545857988166 0.6475000000000001 0.007803254437869789 0.013421052631578933
0 0.7132026627218935 0.6456578947368422 0.006360946745562063 0.027368421052631594
0 0.7268676035502959 0.6413815789473684 0.0070636094674555875 0.024473684210526345
