0 0.13406065088757396 0.6519736842105263 0.014718934911242586 0.03868421052631576
0 0.12461168639053256 0.6526644736842105 0.006915680473372777 0.03835526315789478
0 0.11427514792899408 0.6520723684210527 0.011686390532544387 0.01611842105263158
3 0.456564349112426 0.7203289473684211 0.01238905325443787 0.01118421052631579
0 0.7406434911242604 0.5995394736842105 0.013165680473372748 0.04276315789473684
0 0.7512573964497041 0.6024342105263158 0.010798816568047355 0.04302631578947367
0 0.7518306213017751 0.6379605263157895 0.012610946745562096 0.019605263157894782
1 0.6747965976331362 0.6598684210526315 0.006989644970414151 0.02407894736842099
0 0.6887389053254438 0.6560855263157894 0.008247041420118326 0.011118421052631638
0 0.7230584319526627 0.674967105263158 0.006397928994082824 0.008486842105263218
1 0.7151812130177514 0.6789802631578947 0.004770710059171547 0.019144736842105204
