0 0.3231139053254438 0.47805921052631584 0.011538461538461513 0.05059210526315788
0 0.2730399408284023 0.48282894736842114 0.02514792899408284 0.02934210526315791
0 0.13441198224852072 0.6857894736842106 0.014755917159763305 0.03855263157894738
0 0.13476331360946744 0.634375 0.012056213017751467 0.0441447368421052
2 0.4921412721893491 0.6158223684210526 0.004622781065088758 0.021118421052631595
0 0.5115569526627219 0.6157565789473685 0.007951183431952663 0.01059210526315791
0 0.588701923076923 0.6491776315789474 0.005880177514792849 0.02875000000000003
0 0.5928439349112425 0.6760197368421053 0.005880177514792933 0.01440789473684209
0 0.5589497041420118 0.6877302631578947 0.003772189349112443 0.013223684210526405
0 0.6436390532544379 0.6506578947368421 0.009023668639053205 0.028289473684210528
1 0.6397559171597633 0.5767434210526315 0.009763313609467405 0.03993421052631582
0 0.3002403846153846 0.7057894736842105 0.0051405325443786894 0.01381578947368421
0 0.29421227810650885 0.7075986842105263 0.0051405325443786894 0.015197368421052572
