1 0.9851331360946747 0.4689144736842105 0.014127218934911343 0.0430921052631579
1 0.9735392011834318 0.4050986842105263 0.02215236686390536 0.07190789473684207
1 0.7255917159763313 0.6047697368421052 0.008875739644970414 0.03217105263157901
0 0.7339681952662722 0.6078289473684211 0.007137573964497024 0.0314473684210526
3 0.7356878698224852 0.6422368421052632 0.007100591715976348 0.025
3 0.607599852071006 0.5402631578947369 0.007951183431952663 0.034868421052631576
3 0.6344489644970415 0.5357894736842106 0.012684911242603533 0.016052631578947353
0 0.020395710059171596 0.27628289473684214 0.04079142011834319 0.04848684210526315
0 0.11055843195266271 0.27463815789473683 0.029178994082840227 0.09598684210526315
3 0.046634615384615385 0.6513815789473684 0.015310650887573966 0.03065789473684212
1 0.053827662721893495 0.5380592105263158 0.014386094674556215 0.05453947368421051
1 0.05166420118343195 0.6006578947368421 0.01486686390532545 0.055394736842105295
