1 0.8946190828402367 0.5673026315789473 0.01275887573964497 0.03210526315789478
1 0.8762204142011835 0.6430592105263159 0.028402366863905223 0.1058552631578948
1 0.8561205621301774 0.5815789473684211 0.01201923076923077 0.028026315789473625
1 0.8483173076923076 0.4660197368421053 0.03946005917159757 0.13717105263157894
1 0.7321745562130179 0.8112499999999999 0.009689349112426053 0.030657894736842196
0 0.7233357988165681 0.8136513157894737 0.006952662721893474 0.022960526315789532
1 0.7221708579881657 0.768125 0.010170118343195266 0.03743421052631585
1 0.47703402366863906 0.7201973684210526 0.013683431952662722 0.02000000000000006
1 0.4547152366863905 0.7200000000000001 0.005880177514792933 0.03263157894736851
0 0.09384245562130178 0.8824342105263159 0.013424556213017745 0.03342105263157892
1 0.07760724852071006 0.8827302631578947 0.01068786982248521 0.03756578947368415
1 0.1007766272189349 0.8128947368421052 0.01523668639053255 0.04789473684210523
3 0.47278106508875745 0.8754934210526316 0.010207100591716027 0.012171052631578947
