1 0.07718195266272189 0.8908881578947369 0.010724852071005916 0.040855263157894825
1 0.09312130177514794 0.8917105263157895 0.016198224852071 0.03802631578947365
1 0.09920488165680473 0.8229934210526315 0.016531065088757402 0.05414473684210523
1 0.8768860946745561 0.6499013157894736 0.04319526627218942 0.1029605263157894
1 0.8500369822485208 0.47052631578947374 0.04430473372781072 0.1355263157894737
1 0.8900147928994082 0.5751973684210526 0.022855029585798884 0.03513157894736841
1 0.8562315088757396 0.581282894736842 0.015051775147928928 0.024934210526315774
1 0.7328217455621302 0.8149013157894738 0.007507396449704125 0.028486842105263126
1 0.725258875739645 0.8209210526315789 0.006878698224852121 0.023289473684210586
1 0.7219859467455622 0.7723355263157895 0.01061390532544372 0.04072368421052638
1 0.4546042899408284 0.7262828947368422 0.00610207100591716 0.03519736842105263
1 0.4762943786982249 0.7262500000000001 0.015014792899408335 0.020789473684210615
1 0.46614275147928996 0.8985855263157894 0.0035133136094674558 0.007960526315789564
1 0.4697485207100592 0.8991447368421052 0.0031804733727810314 0.0067105263157895036
2 0.4707655325443787 0.8817434210526316 0.0035133136094674558 0.007302631578947309
2 0.47457470414201186 0.8822368421052632 0.0026257396449703807 0.005789473684210646
0 0.4485207100591716 0.8723355263157894 0.0029585798816568047 0.004407894736842135
0 0.45197855029585804 0.8711513157894737 0.0012943786982248522 0.005592105263157895
0 0.5981508875739645 0.8564802631578947 0.006360946745562147 0.019144736842105353
