3 0.0097448224852071 0.7232565789473684 0.01934171597633136 0.04624999999999997
3 0.03317307692307692 0.7381578947368421 0.016863905325443785 0.02249999999999988
3 0.18117603550295858 0.8461513157894738 0.014497041420118338 0.04217105263157904
0 0.48576183431952663 0.37332236842105265 0.02085798816568051 0.09598684210526315
0 0.5851886094674555 0.3777302631578947 0.04374999999999998 0.05085526315789471
0 0.8553809171597633 0.7393421052631579 0.016900887573964598 0.06078947368421059
3 0.8435650887573964 0.6579934210526316 0.01782544378698218 0.08348684210526307
3 0.9339866863905325 0.6232894736842106 0.017677514792899477 0.03184210526315788
3 0.893694526627219 0.6547368421052632 0.017492603550295756 0.04802631578947368
1 0.46396079881656804 0.7606907894736842 0.004992603550295858 0.03427631578947363
1 0.4885539940828402 0.7644736842105263 0.013276627218934946 0.01894736842105275
1 0.6379068047337279 0.8056249999999999 0.0070266272189349116 0.04006578947368427
