3 0.015920857988165678 0.7245723684210525 0.019341715976331362 0.04624999999999997
3 0.0408284023668639 0.7381578947368421 0.016863905325443785 0.02249999999999988
3 0.18727810650887572 0.8458223684210527 0.014497041420118338 0.04217105263157904
1 0.17457470414201184 0.8679934210526316 0.005732248520710059 0.009144736842105173
0 0.48576183431952663 0.37332236842105265 0.02085798816568051 0.09598684210526315
0 0.5851886094674555 0.3777302631578947 0.04374999999999998 0.05085526315789471
3 0.8425110946745562 0.7403947368421053 0.01690088757396443 0.060789473684210435
0 0.8338387573964496 0.6633223684210526 0.01782544378698235 0.08348684210526322
3 0.9249999999999999 0.6273684210526315 0.017677514792899307 0.03184210526315788
3 0.8845599112426035 0.6582236842105263 0.017492603550295926 0.04802631578947368
1 0.46396079881656804 0.7606907894736842 0.004992603550295858 0.03427631578947363
1 0.4885539940828402 0.7644736842105263 0.013276627218934946 0.01894736842105275
1 0.6352071005917159 0.8040789473684209 0.0070266272189349116 0.036973684210526346
0 0.6301220414201183 0.8324342105263157 0.005732248520710059 0.006842105263157955
1 0.6388313609467456 0.8338157894736843 0.0065088757396450205 0.010789473684210437
