1 0.08629807692307692 0.5805263157894738 0.02814349112426034 0.07065789473684209
1 0.1064164201183432 0.6074671052631578 0.02799556213017752 0.041513157894736856
3 0.13411612426035502 0.8707565789473686 0.01275887573964497 0.04690789473684207
1 0.15650887573964498 0.8684539473684211 0.013757396449704138 0.04269736842105269
1 0.1617603550295858 0.7870065789473685 0.02263313609467455 0.06440789473684216
3 0.7381656804733728 0.8477631578947368 0.009467455621301742 0.034342105263157924
1 0.7262019230769231 0.8474671052631579 0.007359467455621251 0.02651315789473681
3 0.7310281065088756 0.7696052631578949 0.011390532544378681 0.04921052631578944
1 0.5049371301775147 0.8810526315789472 0.004770710059171547 0.009078947368421023
1 0.5106693786982248 0.8843421052631578 0.004992603550295858 0.008684210526315819
1 0.5430103550295858 0.8991447368421053 0.004437869822485207 0.016842105263157835
3 0.5254068047337278 0.7037828947368421 0.008653846153846187 0.039671052631579065
3 0.5436575443786982 0.7079934210526316 0.01904585798816568 0.024671052631578948
