3 0.876460798816568 0.6482236842105263 0.029474852071006016 0.10013157894736845
0 0.8571560650887574 0.5838157894736842 0.012241124260355164 0.02618421052631576
3 0.8951368343195265 0.5633881578947368 0.012315088757396349 0.04256578947368424
3 0.8502218934911243 0.4697697368421052 0.04142011834319527 0.13743421052631577
1 0.7322670118343196 0.8134539473684211 0.009356508875739628 0.02625000000000006
3 0.7242788461538462 0.8188486842105264 0.0064718934911242604 0.02611842105263161
3 0.7218195266272189 0.7705921052631579 0.010207100591715942 0.04105263157894743
1 0.4768860946745562 0.7232236842105263 0.014053254437869823 0.020394736842105264
1 0.4544933431952662 0.7236184210526316 0.006028106508875723 0.03513157894736833
3 0.47298446745562134 0.8794407894736842 0.009948224852071039 0.013750000000000059
0 0.09495192307692307 0.8824671052631579 0.010983727810650894 0.0250657894736843
1 0.07864275147928994 0.8823026315789473 0.010392011834319525 0.028157894736842076
0 0.09990754437869821 0.8166118421052632 0.013424556213017755 0.050723684210526254
