1 0.10159023668639056 0.8732236842105264 0.010059171597633133 0.030394736842105294
1 0.09456360946745562 0.897467105263158 0.0095414201183432 0.013092105263157804
1 0.4582840236686391 0.8519407894736841 0.005917159763313609 0.01888157894736845
0 0.4698039940828402 0.8534539473684211 0.007359467455621251 0.008486842105263218
1 0.48333949704142015 0.852796052631579 0.004844674556212984 0.0188815789473683
1 0.5504068047337278 0.8957236842105263 0.005325443786982282 0.017894736842105144
1 0.5512019230769231 0.9144736842105263 0.006989644970414235 0.014736842105263218
0 0.04056952662721894 0.0656907894736842 0.08113905325443788 0.05901315789473684
0 0.14609837278106508 0.08088815789473684 0.05388313609467455 0.16177631578947368
1 0.8946190828402367 0.8478947368421053 0.011279585798816568 0.03618421052631579
1 0.8243343195266272 0.7423026315789474 0.008210059171597566 0.03118421052631585
1 0.7828772189349111 0.7578618421052631 0.007914201183431986 0.028486842105263126
