0 0.16860207100591715 0.46575657894736844 0.026035502958579895 0.08309210526315794
0 0.2245377218934911 0.4669407894736842 0.04559911242603549 0.04361842105263155
0 0.2887573964497041 0.4694736842105263 0.022041420118343202 0.07710526315789476
3 0.1476516272189349 0.8819736842105262 0.007137573964497024 0.026973684210526316
3 0.14249260355029586 0.9073355263157895 0.008875739644970414 0.016907894736842136
1 0.7697855029585798 0.7690131578947369 0.006804733727810516 0.025526315789473654
0 0.7533284023668639 0.7732894736842106 0.010207100591716027 0.014868421052631668
3 0.5416420118343195 0.8980921052631579 0.005029585798816618 0.020263157894736813
3 0.45747041420118345 0.8627960526315789 0.006582840236686458 0.013355263157894707
3 0.48001109467455616 0.8649013157894737 0.007137573964497024 0.0124342105263157
