1 0.01795488165680473 0.8685855263157894 0.011871301775147928 0.02125000000000012
3 0.03208210059171598 0.8924013157894737 0.006176035502958576 0.013750000000000059
3 0.04402736686390533 0.849703947368421 0.007729289940828404 0.015460526315789473
1 0.40795118343195264 0.746907894736842 0.007470414201183449 0.04249999999999994
1 0.4383690828402367 0.7519407894736841 0.015939349112426084 0.023486842105263188
0 0.6143306213017752 0.8469407894736841 0.008986686390532527 0.028486842105263126
1 0.624426775147929 0.844342105263158 0.007951183431952663 0.028026315789473774
1 0.6194156804733728 0.7995394736842105 0.009097633136094725 0.044342105263157953
3 0.988590976331361 0.6523684210526316 0.02281804733727804 0.10315789473684207
3 0.9760355029585798 0.525625 0.042751479289940796 0.13519736842105262
3 0.948594674556213 0.609671052631579 0.02085798816568034 0.062236842105263174
