3 0.0594119822485207 0.7030921052631579 0.01660502958579882 0.04802631578947368
0 0.06164940828402366 0.6352631578947369 0.014940828402366865 0.06499999999999997
0 0.23476331360946745 0.46690789473684213 0.027292899408284048 0.03171052631578943
0 0.2953587278106509 0.46536184210526316 0.011797337278106501 0.05967105263157898
0 0.3139238165680473 0.7395394736842105 0.0047707100591715896 0.015657894736842076
1 0.3080251479289941 0.7394078947368422 0.0042159763313609384 0.01644736842105263
3 0.682137573964497 0.6852302631578947 0.009615384615384616 0.03414473684210525
3 0.6784578402366864 0.5993421052631579 0.011945266272189333 0.0503947368421052
0 0.6229289940828403 0.6867763157894737 0.008505917159763314 0.03513157894736833
3 0.626146449704142 0.7173026315789475 0.006139053254437921 0.01723684210526319
1 0.5967455621301775 0.7070394736842104 0.004511834319526644 0.023157894736842134
1 0.5421227810650888 0.6506578947368421 0.009245562130177515 0.01355263157894731
1 0.5213572485207101 0.649407894736842 0.004622781065088758 0.022631578947368405
