3 0.03631656804733728 0.6967434210526315 0.021671597633136093 0.04467105263157901
0 0.03946005917159764 0.6308223684210525 0.017233727810650884 0.06901315789473683
0 0.28615014792899407 0.4554276315789474 0.012980769230769197 0.06309210526315795
0 0.22146819526627215 0.4560197368421052 0.030362426035502967 0.03506578947368418
0 0.3105584319526627 0.7438157894736841 0.004474852071005883 0.015921052631578978
1 0.30469674556213017 0.7429605263157895 0.003624260355029569 0.015394736842105324
3 0.6890347633136095 0.6852631578947368 0.011279585798816568 0.035394736842105236
3 0.6855769230769232 0.5946381578947368 0.012647928994082857 0.05414473684210523
3 0.6294933431952663 0.7197039473684209 0.006989644970414151 0.018223684210526347
0 0.6260355029585799 0.6878618421052631 0.00835798816568044 0.03493421052631573
1 0.5428809171597633 0.6519407894736843 0.008986686390532527 0.01177631578947367
1 0.5218934911242603 0.6507565789473685 0.00399408284023667 0.023618421052631563
