1 0.7720044378698225 0.6557236842105263 0.01531065088757383 0.049473684210526274
1 0.7640347633136094 0.5318421052631579 0.018528106508875705 0.07250000000000004
1 0.6661242603550296 0.671578947368421 0.010355029585798817 0.04342105263157895
1 0.6704326923076923 0.7105592105263158 0.008912721893491175 0.02361842105263164
3 0.624167899408284 0.7075328947368421 0.005066568047337211 0.024407894736842045
0 0.6194341715976331 0.7315789473684211 0.004474852071005883 0.017105263157894738
3 0.5600961538461539 0.6393421052631578 0.010650887573964565 0.016315789473684256
3 0.5362056213017752 0.6395723684210526 0.005399408284023719 0.02717105263157892
0 0.2972818047337278 0.7444736842105263 0.0063239644970414285 0.01723684210526319
3 0.28955251479289945 0.7453947368421052 0.005880177514792891 0.019078947368421053
