0 0.21126109467455623 0.5389802631578947 0.009578402366863938 0.03848684210526316
0 0.2389423076923077 0.5362171052631579 0.017011834319526627 0.02006578947368421
0 0.267344674556213 0.5328947368421053 0.008357988165680482 0.039473684210526314
0 0.09264053254437869 0.6439473684210526 0.0073964497041420114 0.02421052631578952
0 0.09101331360946745 0.6720723684210526 0.0071005917159763276 0.02138157894736842
0 0.13946005917159765 0.6010855263157895 0.007248520710059159 0.03861842105263161
0 0.1391457100591716 0.6660526315789475 0.010170118343195266 0.030263157894736915
0 0.15414201183431953 0.6367434210526316 0.006065088757396441 0.01888157894736845
1 0.15952292899408285 0.638125 0.0036612426035503086 0.012302631578947324
0 0.1654215976331361 0.6407894736842106 0.004659763313609476 0.017894736842105293
0 0.1925480769230769 0.6501315789473685 0.004992603550295858 0.018026315789473668
1 0.45528846153846153 0.6549013157894737 0.0028106508875740148 0.00440789473684206
0 0.5795488165680474 0.5975 0.006952662721893474 0.02315789473684206
0 0.5871486686390532 0.5914144736842105 0.0061760355029585965 0.025065789473684225
0 0.5952292899408284 0.5820065789473685 0.006434911242603584 0.0282236842105263
1 0.4404031065088757 0.6574671052631579 0.0035133136094674558 0.004934210526315789
