0 0.26749260355029586 0.534671052631579 0.009763313609467448 0.03631578947368416
0 0.23892381656804731 0.5359539473684211 0.01963757396449705 0.020855263157894766
0 0.21181582840236687 0.5401973684210526 0.010244082840236703 0.03855263157894738
0 0.13933062130177515 0.6000657894736843 0.009504437869822501 0.04131578947368418
0 0.09252958579881657 0.643717105263158 0.009985207100591717 0.02296052631578946
0 0.09160502958579882 0.6717434210526315 0.007544378698224843 0.023618421052631563
0 0.1409948224852071 0.6655592105263157 0.007803254437869831 0.03243421052631576
0 0.15412352071005916 0.6353947368421052 0.0064718934911242604 0.021710526315789475
1 0.15824704142011833 0.6391776315789474 0.006656804733727811 0.0157236842105263
0 0.1652551775147929 0.6411513157894737 0.006323964497041408 0.020723684210526314
0 0.19295488165680474 0.6500657894736842 0.004622781065088758 0.0189473684210526
0 0.595210798816568 0.5832236842105263 0.006767751479289924 0.02894736842105263
0 0.5865199704142012 0.590657894736842 0.0064718934911242604 0.02460526315789472
0 0.5796042899408284 0.596842105263158 0.007137573964497108 0.028289473684210528
