1 0.6578402366863905 0.7447368421052631 0.003550295857988132 0.009078947368421172
1 0.6572670118343196 0.7310197368421053 0.0030695266272190024 0.00874999999999997
1 0.6195451183431953 0.7112171052631578 0.002403846153846154 0.011118421052631638
1 0.5609467455621302 0.7354605263157895 0.0018491124260355029 0.010263157894736932
0 0.7167529585798816 0.6985526315789473 0.0030325443786982415 0.012763157894736902
0 0.7350776627218936 0.6912171052631579 0.0030695266272189182 0.012960526315789504
0 0.42270710059171596 0.702532894736842 0.003550295857988132 0.015855263157894827
1 0.41973002958579875 0.7557565789473685 0.00417899408284022 0.007039473684210406
0 0.37396449704142015 0.7149342105263158 0.003476331360946737 0.01355263157894731
0 0.6559726331360947 0.7456907894736841 0.0011464497041419781 0.008092105263157864
