0 0.41636464497041414 0.658782894736842 0.005140532544378648 0.02309210526315791
0 0.42647928994082834 0.7132236842105263 0.00399408284023667 0.013947368421052661
0 0.4263868343195266 0.7404934210526315 0.0018860946745561794 0.010855263157894738
1 0.39524778106508873 0.7276315789473684 0.003957100591715909 0.01368421052631591
0 0.3954326923076923 0.7419407894736842 0.0018860946745561794 0.012171052631578947
0 0.3562130177514793 0.7074671052631578 0.005547337278106509 0.006513157894736752
1 0.3498705621301775 0.7063486842105263 0.003365384615384624 0.01374999999999991
1 0.250573224852071 0.7148026315789474 0.004326923076923052 0.014210526315789413
0 0.18644600591715976 0.6974013157894738 0.005362426035502958 0.01625000000000003
0 0.1924371301775148 0.7250986842105264 0.004326923076923094 0.014407894736842015
0 0.12470414201183432 0.6775657894736843 0.005769230769230777 0.02881578947368418
0 0.12163461538461538 0.7159868421052631 0.0041420118343195225 0.024605263157894797
0 0.23215606508875739 0.6352302631578947 0.008394970414201201 0.028486842105263203
0 0.21593934911242607 0.6327302631578947 0.016420118343195258 0.014934210526315819
