0 0.2899223372781065 0.5890460526315789 0.010096153846153871 0.041644736842105234
0 0.26703032544378696 0.5859210526315789 0.019341715976331386 0.022763157894736857
0 0.5470599112426036 0.6172697368421053 0.007211538461538462 0.033223684210526315
0 0.5516087278106508 0.7075657894736842 0.0070636094674555875 0.028421052631578826
0 0.5630732248520711 0.7072368421052632 0.0030695266272189182 0.01763157894736854
0 0.5640902366863905 0.7404605263157895 0.0029585798816568047 0.012236842105263098
1 0.5276812130177514 0.7270065789473684 0.0034393491124260185 0.015197368421052572
0 0.5284578402366863 0.7444078947368421 0.0023298816568047167 0.012763157894736902
1 0.4839497041420118 0.7042763157894737 0.007322485207100575 0.01118421052631579
1 0.4766272189349112 0.7039802631578947 0.003550295857988132 0.01638157894736848
0 0.3007766272189349 0.699967105263158 0.00724852071005918 0.019671052631579006
0 0.31053994082840236 0.7342763157894736 0.0032544378698225102 0.01723684210526319
