0 0.9091346153846155 0.6154934210526315 0.013979289940828301 0.044276315789473726
0 0.8028846153846154 0.6503618421052632 0.013683431952662722 0.04203947368421051
0 0.7964866863905324 0.5512828947368421 0.013387573964497142 0.04980263157894732
1 0.8458949704142013 0.5730921052631578 0.007840236686390634 0.022631578947368405
0 0.8402366863905325 0.5792763157894737 0.01079881656804727 0.03289473684210526
0 0.12732988165680473 0.6610197368421052 0.0071005917159763276 0.020855263157894766
1 0.1365939349112426 0.6631907894736842 0.008321005917159764 0.012565789473684226
0 0.19027366863905326 0.7252631578947369 0.005103550295857971 0.020526315789473715
3 0.27265162721893493 0.7025657894736843 0.004992603550295858 0.02368421052631579
3 0.6756471893491124 0.7293421052631578 0.0035872781065088926 0.014473684210526316
0 0.6687684911242603 0.6801315789473684 0.005140532544378648 0.019736842105263157
3 0.6135724852071005 0.7225657894736843 0.0036982248520710057 0.01723684210526319
3 0.5620377218934911 0.6858552631578947 0.0036612426035503294 0.017236842105263037
3 0.5449334319526628 0.6861513157894737 0.008875739644970414 0.011776315789473744
3 0.5305473372781064 0.6875657894736842 0.0040680473372781065 0.017368421052631488
