0 0.6437684911242604 0.6826973684210526 0.004844674556212984 0.02486842105263155
0 0.6457100591715976 0.7192434210526316 0.004881656804733661 0.010592105263157835
0 0.6135724852071005 0.7291118421052631 0.003402366863905342 0.012960526315789355
3 0.5509245562130177 0.6970723684210528 0.005991124260355046 0.010723684210526286
3 0.5433062130177514 0.6980921052631578 0.0031065088757395946 0.014078947368420964
3 0.42305843195266274 0.7595723684210528 0.0036612426035503294 0.007039473684210556
0 0.4270894970414201 0.7565131578947369 0.0038091715976331193 0.010789473684210437
0 0.42692307692307696 0.7370723684210526 0.004289940828402418 0.01598684210526313
0 0.43541050295857986 0.6346052631578947 0.006028106508875723 0.029868421052631565
0 0.4214127218934911 0.6374013157894737 0.014053254437869823 0.017302631578947337
0 0.31035502958579886 0.7053947368421052 0.004733727810650913 0.0189473684210526
