0 0.7814349112426036 0.5262171052631579 0.017973372781065224 0.06296052631578951
1 0.4858357988165681 0.6969407894736841 0.0036982248520710057 0.01651315789473693
1 0.49491494082840237 0.6970394736842105 0.00469674556213011 0.011052631578947487
1 0.542030325443787 0.7201644736842105 0.00417899408284022 0.015855263157894827
1 0.5420673076923077 0.7394078947368422 0.00469674556213011 0.015263157894736873
0 0.2748335798816568 0.6930263157894737 0.006397928994082824 0.029605263157894735
0 0.2750184911242604 0.7256578947368421 0.006249999999999992 0.02894736842105263
0 0.27546227810650886 0.7568092105263158 0.006915680473372798 0.024539473684210496
2 0.3240939349112426 0.7200657894736842 0.003143491124260355 0.01355263157894731
1 0.3368897928994083 0.72125 0.004105029585798825 0.010131578947368481
0 0.329844674556213 0.7211513157894738 0.004511834319526644 0.015592105263157924
