0 0.30277366863905325 0.7485855263157895 0.004585798816568039 0.018618421052631548
0 0.297133875739645 0.7490460526315789 0.0034393491124260606 0.01875
0 0.2967455621301775 0.7189802631578947 0.004437869822485207 0.025855263157894708
0 0.32008136094674555 0.7024342105263158 0.004437869822485207 0.019736842105263157
1 0.37821745562130177 0.7564144736842106 0.004437869822485207 0.008355263157894617
1 0.37777366863905326 0.7433881578947369 0.0032544378698225102 0.015460526315789473
0 0.5460244082840237 0.7479934210526314 0.005436390532544396 0.014671052631578918
0 0.5448964497041421 0.7246052631578948 0.004437869822485207 0.0188157894736843
1 0.517862426035503 0.7522368421052632 0.005473372781065072 0.010657894736842135
1 0.5180288461538461 0.7358881578947368 0.004105029585798783 0.01611842105263158
1 0.47283653846153845 0.7083881578947369 0.002995562130177481 0.014671052631579067
0 0.3921597633136095 0.6605592105263157 0.005103550295857971 0.026644736842105263
