0 0.17233727810650887 0.37819078947368423 0.029289940828402385 0.1004605263157895
0 0.15257026627218934 0.6267105263157895 0.012463017751479285 0.04342105263157895
0 0.6561945266272189 0.6302302631578948 0.006841715976331361 0.027565789473684196
0 0.6444341715976332 0.6575657894736842 0.012463017751479307 0.054210526315789535
1 0.6485022189349113 0.7134868421052631 0.01431213017751481 0.03526315789473678
3 0.5507951183431953 0.7173026315789474 0.004918639053254421 0.023026315789473683
3 0.5517381656804734 0.7457894736842104 0.003920118343195317 0.009473684210526226
3 0.4774778106508875 0.6753947368421052 0.004289940828402418 0.02381578947368424
3 0.31314718934911245 0.7269078947368421 0.0064718934911242604 0.030657894736842196
3 0.3132766272189349 0.7567763157894737 0.00495562130177514 0.011578947368420993
0 0.318435650887574 0.7532236842105263 0.004992603550295858 0.01631578947368418
