0 0.2003328402366864 0.41361842105263164 0.02551775147928996 0.08592105263157897
0 0.1652921597633136 0.6285855263157895 0.011131656804733736 0.04111842105263158
1 0.3166235207100592 0.7452302631578948 0.004844674556213026 0.019276315789473805
0 0.3203587278106509 0.7467763157894737 0.004696745562130194 0.01723684210526319
1 0.31592085798816566 0.7218421052631577 0.005954142011834286 0.02842105263157898
3 0.6344674556213017 0.7103618421052632 0.009763313609467405 0.03532894736842093
0 0.6438609467455622 0.7092105263157895 0.00843195266272196 0.035789473684210586
0 0.6485576923076922 0.6288815789473685 0.006952662721893474 0.029868421052631565
0 0.6327847633136096 0.6586184210526315 0.013424556213017734 0.05289473684210525
1 0.5479105029585799 0.7353289473684209 0.0038091715976331193 0.01263157894736845
1 0.5470414201183431 0.7129276315789475 0.004511834319526644 0.02243421052631588
1 0.4757581360946745 0.6709210526315789 0.003957100591715993 0.021710526315789475
