0 0.1137758875739645 0.5232565789473683 0.015495562130177528 0.052697368421052646
0 0.1723742603550296 0.5183552631578947 0.030325443786982247 0.030789473684210495
0 0.22498150887573964 0.5164144736842106 0.013498520710059171 0.0532236842105263
0 0.09938979289940829 0.7380592105263157 0.0076553254437869995 0.01888157894736845
0 0.641253698224852 0.7186513157894736 0.005658284023668622 0.01598684210526313
3 0.5946190828402367 0.7444078947368421 0.0034393491124260185 0.004605263157894736
3 0.6029585798816568 0.7422039473684211 0.0034763313609466953 0.006776315789473655
3 0.5515717455621302 0.7189802631578947 0.00225591715976328 0.010328947368421083
3 0.5433247041420118 0.7185197368421053 0.004992603550295858 0.00874999999999997
3 0.5342270710059173 0.7198026315789473 0.0024778106508875908 0.011578947368421142
3 0.3738905325443787 0.7549671052631579 0.003254437869822468 0.00993421052631573
0 0.37703402366863903 0.7545065789473684 0.002736686390532578 0.008486842105263069
0 0.8085613905325445 0.6880592105263157 0.004770710059171631 0.019013157894736753
0 0.7784023668639054 0.6569736842105264 0.005029585798816534 0.018421052631578946
0 0.7710244082840236 0.6585197368421053 0.0030695266272190024 0.011513157894736841
