0 0.37091346153846155 0.6951315789473683 0.0035133136094674558 0.017894736842105293
0 0.3930658284023668 0.6946381578947368 0.003291420118343145 0.01756578947368424
0 0.40478920118343203 0.6929934210526315 0.007507396449704125 0.009802631578947278
0 0.41884245562130185 0.6920065789473684 0.0034393491124260185 0.017171052631579038
0 0.38790680473372785 0.7051315789473684 0.0034763313609466953 0.0125
3 0.3874815088757396 0.7606578947368421 0.0038091715976332034 0.008289473684210466
3 0.5211723372781065 0.7092105263157895 0.0029215976331361283 0.01381578947368421
3 0.5322300295857989 0.7085855263157894 0.006323964497041471 0.009802631578947429
3 0.5437130177514793 0.7101644736842104 0.0029585798816568047 0.01361842105263161
3 0.5558986686390532 0.7101644736842104 0.0028476331360946915 0.012960526315789504
0 0.5712832840236687 0.7018749999999999 0.003143491124260355 0.01388157894736851
3 0.5683431952662722 0.7589802631578948 0.0038461538461538798 0.007960526315789564
