0 0.4310465976331361 0.6935855263157895 0.003291420118343229 0.01624999999999988
0 0.4844674556213018 0.7207565789473686 0.0046597633136094335 0.017960526315789444
1 0.5097633136094675 0.7330592105263158 0.004142011834319543 0.0058552631578947965
1 0.5682507396449705 0.7132565789473685 0.003217455621301792 0.013486842105263158
1 0.6078957100591716 0.7414473684210526 0.0037352071005916825 0.012368421052631699
1 0.6083025147928994 0.754375 0.002921597633136044 0.006118421052631549
0 0.6617788461538461 0.7354934210526316 0.003957100591715993 0.015197368421052572
0 0.4206730769230769 0.7432894736842105 0.002884615384615452 0.006973684210526256
0 0.37823594674556216 0.7502631578947369 0.004105029585798783 0.009868421052631578
0 0.6293454142011834 0.753092105263158 0.002995562130177481 0.010526315789473684
