1 0.5651257396449704 0.6881578947368421 0.0036982248520710057 0.019078947368421053
1 0.6209874260355029 0.7291118421052631 0.004252958579881657 0.018092105263157895
1 0.6222448224852072 0.7494736842105263 0.00417899408284022 0.01355263157894731
0 0.6703402366863905 0.7390460526315789 0.007100591715976348 0.01875
0 0.7146264792899408 0.7120394736842106 0.005362426035502958 0.023157894736842134
0 0.42276257396449707 0.6846381578947369 0.008616863905325426 0.03243421052631576
0 0.3363905325443787 0.6414802631578947 0.00724852071005918 0.027565789473684196
3 0.24339866863905324 0.735 0.006028106508875723 0.019342105263157956
0 0.3067492603550296 0.6896052631578947 0.006693786982248529 0.021052631578947368
0 0.3050665680473373 0.7203618421052632 0.006360946745562147 0.019407894736842107
1 0.48176775147928985 0.7179934210526315 0.005103550295857971 0.007828947368420963
0 0.35438239644970415 0.7309868421052631 0.004770710059171631 0.010789473684210437
