3 0.1715051775147929 0.7615131578947368 0.01164940828402367 0.03697368421052619
1 0.15362426035502957 0.7651315789473684 0.012352071005917172 0.034210526315789476
0 0.17119082840236685 0.7132894736842106 0.013091715976331374 0.05302631578947362
0 0.17104289940828402 0.6571381578947368 0.012426035502958588 0.05269736842105272
0 0.7332840236686391 0.6426644736842105 0.010428994082840254 0.030460526315789445
1 0.7444341715976331 0.6412828947368421 0.009430473372781065 0.030328947368420994
1 0.737555473372781 0.575 0.011353550295858005 0.044210526315789506
1 0.6188794378698225 0.5115131578947368 0.011279585798816568 0.04381578947368415
1 0.5885539940828403 0.5169736842105263 0.010392011834319493 0.04342105263157895
1 0.6356878698224853 0.6988157894736841 0.002514792899408267 0.0038157894736841804
1 0.6313054733727811 0.6894407894736841 0.0029215976331361283 0.004144736842105233
1 0.6187684911242604 0.6807894736842106 0.002625739644970465 0.005789473684210496
1 0.6113165680473372 0.6813157894736841 0.0021449704142012505 0.005789473684210496
0 0.6106693786982249 0.6726644736842105 0.00225591715976328 0.008092105263157864
0 0.5893491124260355 0.7066118421052632 0.0017011834319527132 0.005197368421052692
