0 0.4384060650887574 0.6786184210526316 0.004105029585798783 0.035526315789473684
0 0.4735576923076923 0.7357565789473683 0.008210059171597566 0.02138157894736842
0 0.5012019230769231 0.6016776315789474 0.0073594674556213355 0.03559210526315791
0 0.5451738165680474 0.5952960526315789 0.006915680473372798 0.037697368421052604
0 0.7152366863905325 0.6942105263157895 0.007248520710059138 0.021710526315789475
3 0.6975776627218935 0.7131907894736842 0.003883136094674556 0.005197368421052692
3 0.6980954142011835 0.731217105263158 0.004400887573964446 0.009802631578947429
3 0.5591900887573965 0.747467105263158 0.0035872781065088926 0.010723684210526286
3 0.6694896449704143 0.6812171052631579 0.0030325443786982415 0.015460526315789473
3 0.6490199704142011 0.6820723684210527 0.0034393491124260185 0.01638157894736848
