0 0.3384615384615385 0.7361513157894736 0.010946745562130185 0.03309210526315787
0 0.33672337278106507 0.6683223684210526 0.004807692307692308 0.04230263157894734
0 0.3358912721893491 0.7076315789473684 0.003957100591715993 0.02289473684210523
0 0.7843749999999999 0.7054276315789474 0.008690828402366863 0.02374999999999994
0 0.7812130177514791 0.672828947368421 0.01013313609467459 0.036710526315789443
0 0.7781989644970414 0.6334868421052632 0.009060650887573964 0.03631578947368424
0 0.6325998520710059 0.7249671052631579 0.004992603550295858 0.01611842105263158
0 0.6386094674556213 0.7244407894736843 0.0046597633136094335 0.015460526315789473
0 0.636871301775148 0.6883223684210527 0.005325443786982198 0.023881578947368542
0 0.5604844674556214 0.645953947368421 0.004918639053254421 0.024671052631578948
3 0.5792899408284023 0.6449671052631579 0.004955621301775097 0.0251973684210526
0 0.4439534023668638 0.5694407894736842 0.008986686390532527 0.04322368421052627
0 0.4749445266272189 0.563421052631579 0.008764792899408217 0.04236842105263156
