0 0.9693417159763313 0.583125 0.021523668639053188 0.060986842105263186
0 0.7514792899408284 0.6767105263157894 0.010059171597633068 0.03407894736842102
3 0.7612795857988166 0.6748684210526316 0.009023668639053205 0.028815789473684256
3 0.7581360946745562 0.6126644736842105 0.009245562130177515 0.04098684210526313
3 0.680362426035503 0.5434210526315789 0.009097633136094642 0.04105263157894743
3 0.6250369822485207 0.5480263157894737 0.008136094674556213 0.039078947368421116
3 0.38685281065088756 0.723717105263158 0.0064718934911242604 0.025460526315789503
0 0.39545118343195274 0.7235526315789473 0.006730769230769248 0.026710526315789414
0 0.6379068047337279 0.7035526315789474 0.0014792899408284023 0.008026315789473715
0 0.6433801775147929 0.7023684210526315 0.001701183431952629 0.008157894736842015
1 0.6586908284023668 0.703125 0.0022928994082840404 0.007697368421052512
1 0.6644600591715977 0.7028618421052631 0.0025887573964497044 0.007302631578947458
1 0.6818971893491124 0.7153947368421053 0.003217455621301792 0.008026315789473715
1 0.6820266272189349 0.7256250000000001 0.0033284023668639054 0.005328947368420993
