0 0.44195636094674556 0.6670394736842105 0.0036612426035503294 0.029078947368421083
0 0.44591346153846156 0.7099999999999999 0.006323964497041387 0.02118421052631582
1 0.4497596153846154 0.7211513157894738 0.003883136094674556 0.015460526315789473
0 0.4542529585798816 0.7206578947368422 0.0033284023668639054 0.014342105263157864
0 0.4541235207100591 0.7030592105263158 0.005806213017751496 0.019802631578947457
0 0.4528291420118343 0.6804276315789474 0.005288461538461521 0.020328947368421113
0 0.5086538461538462 0.5941118421052631 0.0064349112426034995 0.02993421052631579
0 0.5313609467455621 0.5896710526315789 0.0061390532544378365 0.029605263157894735
0 0.680991124260355 0.680921052631579 0.0036982248520710057 0.011710526315789593
1 0.6863165680473373 0.6808223684210526 0.00421597633136098 0.014671052631578918
1 0.6839312130177514 0.6513157894736842 0.005214497041420169 0.019605263157894706
1 0.6683616863905325 0.682861842105263 0.0012943786982248522 0.0054605263157894435
1 0.6478920118343195 0.6677631578947368 0.002736686390532494 0.004605263157894736
1 0.6547152366863905 0.6669407894736842 0.003217455621301792 0.005723684210526346
