1 0.14232618343195266 0.7623684210526317 0.011427514792899421 0.03802631578947365
0 0.16113165680473374 0.7604605263157895 0.010502958579881648 0.03736842105263155
0 0.1611871301775148 0.7094078947368422 0.012832840236686386 0.05342105263157898
0 0.1604844674556213 0.6520394736842106 0.013202662721893486 0.05500000000000009
0 0.7367788461538461 0.6420065789473685 0.010761834319526594 0.029144736842105234
1 0.7488905325443787 0.6421381578947368 0.01042899408284017 0.030328947368421066
1 0.7418454142011833 0.5723026315789473 0.011353550295858005 0.04552631578947371
1 0.5895710059171597 0.5135197368421053 0.010281065088757379 0.043881578947368376
1 0.6205066568047337 0.5080263157894737 0.011131656804733778 0.0469736842105263
3 0.6361316568047337 0.7021052631578948 0.0018491124260355029 0.004868421052631639
1 0.6192677514792899 0.685296052631579 0.0021449704142012505 0.004539473684210436
3 0.6116863905325444 0.6870723684210526 0.0022189349112426036 0.0038815789473683315
0 0.6108912721893491 0.674375 0.00210798816568049 0.008881578947368421
0 0.5892381656804735 0.7081907894736841 0.0015532544378698394 0.0054605263157894435
3 0.5856508875739644 0.7113157894736842 0.0029585798816568047 0.0059210526315789476
