0 0.9698594674556213 0.5623684210526315 0.030473372781064954 0.08131578947368423
0 0.9512758875739645 0.4004934210526316 0.03635355029585806 0.11796052631578945
1 0.9351516272189347 0.564375 0.03176775147928997 0.07375000000000001
3 0.5861501479289941 0.2449013157894737 0.02215236686390536 0.11651315789473686
3 0.6590421597633137 0.23651315789473684 0.025258875739644953 0.11263157894736846
3 0.5615014792899409 0.7253618421052633 0.002144970414201167 0.0050657894736842405
3 0.5908099112426036 0.7015131578947368 0.00210798816568049 0.004868421052631639
3 0.5989275147928994 0.7007236842105262 0.002662721893491057 0.004736842105263188
3 0.6117973372781065 0.712796052631579 0.002736686390532578 0.004013157894736782
3 0.6168823964497042 0.721578947368421 0.00210798816568049 0.004605263157894736
0 0.5911057692307692 0.6860197368421053 0.0018860946745562635 0.009539473684210526
0 0.5659763313609468 0.7232565789473684 0.0012573964497040915 0.006381578947368451
