0 0.597189349112426 0.6867105263157894 0.010428994082840254 0.03605263157894741
0 0.6079881656804734 0.6879276315789474 0.009541420118343262 0.03625000000000002
1 0.5429363905325444 0.7303618421052632 0.0058431952662721725 0.020723684210526314
0 0.535465976331361 0.7303947368421053 0.006213017751479273 0.023289473684210586
1 0.4709689349112426 0.6179276315789474 0.005695266272189383 0.030986842105263097
1 0.4128513313609467 0.616546052631579 0.0055843195266272695 0.031513157894736826
0 0.28041789940828404 0.5109539473684211 0.013054733727810634 0.055986842105263175
0 0.22596153846153846 0.7285855263157895 0.007544378698224886 0.02243421052631573
0 0.15175665680473374 0.6732565789473683 0.011501479289940816 0.0404605263157894
0 0.15395710059171597 0.6216447368421052 0.01220414201183432 0.04013157894736842
0 0.1560465976331361 0.5114144736842106 0.016161242603550292 0.056776315789473654
0 0.017917899408284026 0.7098684210526316 0.01771449704142012 0.04263157894736854
