0 0.17572115384615383 0.7320394736842104 0.010761834319526615 0.026842105263157865
0 0.23650147928994084 0.6996052631578948 0.008505917159763314 0.030526315789473596
0 0.2375924556213018 0.6609868421052632 0.007877218934911268 0.02894736842105263
0 0.259689349112426 0.5996052631578948 0.00894970414201181 0.03644736842105262
0 0.3410502958579882 0.5981907894736842 0.007840236686390507 0.03664473684210529
0 0.5502218934911243 0.7151644736842105 0.007618343195266239 0.02598684210526316
0 0.5577292899408284 0.7148026315789474 0.006582840236686374 0.02407894736842099
1 0.5228550295857989 0.7388486842105263 0.004142011834319543 0.01651315789473678
0 0.5174926035502958 0.7383881578947368 0.004289940828402334 0.01611842105263158
1 0.4672892011834319 0.65125 0.0044008875739645304 0.02355263157894734
1 0.42200443786982245 0.6496052631578947 0.004733727810650871 0.024473684210526345
0 0.27895710059171597 0.7363486842105263 0.005843195266272214 0.015855263157894678
