0 0.14752218934911243 0.17151315789473687 0.035133136094674555 0.11763157894736843
0 0.2288831360946746 0.18286184210526316 0.03749999999999999 0.1125657894736842
0 0.17235576923076923 0.6641776315789474 0.006841715976331361 0.02532894736842105
0 0.17601701183431953 0.6643092105263158 0.004474852071005926 0.023355263157894737
0 0.18559541420118345 0.7358881578947368 0.006545857988165676 0.02111842105263152
1 0.176146449704142 0.7581907894736841 0.004807692307692308 0.014934210526315819
3 0.8453957100591716 0.7322368421052632 0.008764792899408385 0.0252631578947369
0 0.8669933431952662 0.6341776315789474 0.00824704142011841 0.02730263157894737
3 0.877034023668639 0.6312171052631579 0.007544378698224718 0.030855263157894722
0 0.9372041420118342 0.7165789473684211 0.009319526627219035 0.03289473684210526
