0 0.020784023668639056 0.6532565789473684 0.0073964497041420114 0.03388157894736842
3 0.21845414201183433 0.6444407894736842 0.006360946745562105 0.03138157894736838
3 0.21211168639053252 0.70375 0.004918639053254463 0.018157894736842047
0 0.2193602071005917 0.7044407894736842 0.007137573964497024 0.01769736842105269
3 0.5519415680473372 0.650296052631579 0.0035872781065088926 0.020328947368421037
3 0.565569526627219 0.6514144736842105 0.008801775147928978 0.012697368421052601
3 0.6290125739644971 0.7021052631578948 0.0036612426035502453 0.019473684210526258
1 0.7911057692307693 0.6727302631578947 0.006397928994082908 0.02414473684210529
0 0.7911797337278106 0.7228947368421053 0.005658284023668706 0.020657894736842167
3 0.7976516272189349 0.7202631578947368 0.0035133136094674558 0.019078947368421053
