0 0.03603920118343196 0.492828947368421 0.025554733727810648 0.08855263157894738
0 0.3050110946745562 0.29424342105263157 0.03901627218934911 0.045460526315789486
0 0.35005547337278103 0.2978289473684211 0.022892011834319517 0.09328947368421053
1 0.7338387573964498 0.6988815789473686 0.004511834319526644 0.020921052631578917
0 0.7381102071005917 0.7368092105263159 0.003143491124260355 0.017039473684210587
0 0.7334504437869822 0.7380921052631579 0.003291420118343229 0.01499999999999997
3 0.6090976331360947 0.7195394736842105 0.003402366863905258 0.016973684210526287
3 0.5579142011834319 0.6779276315789474 0.007988165680473423 0.010460526315789533
3 0.5472078402366864 0.6769078947368422 0.0035872781065088926 0.01710526315789481
0 0.0926775147928994 0.614046052631579 0.007322485207100596 0.02598684210526316
1 0.10345784023668639 0.6186513157894737 0.012684911242603533 0.020855263157894766
0 0.1542899408284024 0.6884539473684209 0.0071005917159763276 0.02256578947368418
3 0.2886094674556213 0.6783881578947369 0.004289940828402375 0.022171052631578977
0 0.2837093195266272 0.7233223684210527 0.0035872781065088926 0.015723684210526376
0 0.2892751479289941 0.7244407894736843 0.004733727810650913 0.015197368421052721
