0 0.10528846153846154 0.6208223684210527 0.009763313609467448 0.03861842105263161
3 0.09606139053254438 0.6950657894736842 0.01164940828402367 0.03368421052631567
0 0.1710059171597633 0.6428618421052632 0.004807692307692308 0.020460526315789488
0 0.177551775147929 0.6459868421052631 0.00798816568047336 0.015789473684210527
0 0.24857618343195265 0.609078947368421 0.010539940828402367 0.05026315789473683
0 0.40948594674556216 0.5030263157894737 0.025036982248520644 0.02894736842105263
0 0.43267381656804726 0.5025657894736842 0.013054733727810634 0.04986842105263155
1 0.32098742603550295 0.6908223684210527 0.005584319526627227 0.017960526315789444
1 0.3176775147928994 0.730296052631579 0.003920118343195233 0.014671052631578918
0 0.7019045857988165 0.7090131578947368 0.00403106508875743 0.017105263157894738
0 0.701349852071006 0.7423026315789474 0.0029215976331361283 0.012763157894736902
1 0.7056397928994083 0.7413486842105262 0.002995562130177481 0.014144736842105264
0 0.8949519230769231 0.6298355263157894 0.011575443786982147 0.03677631578947367
0 0.9009800295857988 0.709375 0.01135355029585792 0.029539473684210588
0 0.9105584319526626 0.6364144736842106 0.00891272189349109 0.014013157894736812
0 0.9602810650887575 0.680328947368421 0.00872781065088754 0.028026315789473774
0 0.5962463017751479 0.7255592105263158 0.0032174556213017077 0.015197368421052721
1 0.5422522189349113 0.6877631578947369 0.0035872781065088085 0.015789473684210527
1 0.5520340236686391 0.6887828947368422 0.006878698224852037 0.010460526315789533
