0 0.9804733727810651 0.6907894736842105 0.011982248520710092 0.018421052631578946
3 0.9612056213017751 0.6219736842105263 0.008210059171597566 0.016052631578947353
0 0.950462278106509 0.6264473684210526 0.008616863905325343 0.027368421052631594
0 0.970987426035503 0.6032894736842105 0.013572485207100693 0.04144736842105263
0 0.71823224852071 0.743157894736842 0.0038461538461537956 0.0125
1 0.7223742603550296 0.7426644736842105 0.0031804733727810314 0.01374999999999991
0 0.7182877218934911 0.7067105263157895 0.004105029585798783 0.01881578947368415
0 0.603180473372781 0.725592105263158 0.0017751479289941502 0.014736842105263067
1 0.5449889053254439 0.6851973684210526 0.002995562130177565 0.015263157894736722
1 0.5555288461538462 0.6864144736842105 0.0061760355029585965 0.009276315789473775
0 0.18443047337278107 0.6971381578947369 0.005177514792899409 0.020986842105263068
0 0.30545488165680473 0.729078947368421 0.0035872781065088505 0.01118421052631579
1 0.301090976331361 0.7286513157894738 0.004105029585798825 0.012697368421052601
1 0.305103550295858 0.6866447368421053 0.003920118343195233 0.019078947368421053
0 0.16477440828402368 0.5608552631578947 0.014977810650887574 0.06868421052631585
0 0.3689718934911243 0.42164473684210524 0.031213017751479322 0.03736842105263155
0 0.40079511834319526 0.4205592105263158 0.014977810650887574 0.07151315789473688
0 0.02048816568047337 0.5912828947368421 0.016715976331360946 0.0373026315789474
3 0.007359467455621301 0.6780921052631578 0.014718934911242602 0.032763157894736814
0 0.13354289940828404 0.6308881578947368 0.005991124260355025 0.021250000000000043
0 0.1382026627218935 0.6338486842105263 0.004807692307692308 0.015328947368421098
