0 0.14752218934911243 0.17151315789473687 0.035133136094674555 0.11763157894736843
0 0.2288831360946746 0.18286184210526316 0.03749999999999999 0.1125657894736842
0 0.17235576923076923 0.6641776315789474 0.006841715976331361 0.02532894736842105
0 0.17601701183431953 0.6643092105263158 0.004474852071005926 0.023355263157894737
1 0.8453957100591716 0.7322368421052632 0.008764792899408385 0.0252631578947369
0 0.8669933431952662 0.6341776315789474 0.00824704142011841 0.02730263157894737
1 0.877034023668639 0.6312171052631579 0.007544378698224718 0.030855263157894722
0 0.9371116863905324 0.7182565789473684 0.009356508875739545 0.03269736842105251
0 0.18529955621301775 0.7373684210526316 0.006249999999999992 0.025
1 0.17553624260355027 0.7576315789473683 0.005288461538461543 0.013289473684210556
