0 0.14752218934911243 0.17151315789473687 0.035133136094674555 0.11763157894736843
0 0.2288831360946746 0.18286184210526316 0.03749999999999999 0.1125657894736842
0 0.1502034023668639 0.6614144736842105 0.006841715976331361 0.02532894736842098
0 0.154271449704142 0.6626644736842106 0.004474852071005905 0.023355263157894737
1 0.8893491124260355 0.7353289473684211 0.009393491124260389 0.030657894736842044
0 0.9016457100591717 0.6288157894736842 0.009726331360946645 0.031184210526315776
1 0.9123150887573963 0.624375 0.007544378698224886 0.030855263157894722
0 0.9848187869822485 0.7197697368421054 0.009356508875739545 0.03269736842105266
0 0.16573594674556213 0.7403947368421053 0.0062500000000000125 0.025
3 0.15434541420118345 0.769671052631579 0.005288461538461543 0.013289473684210556
0 0.16333210059171596 0.7682894736842105 0.005214497041420105 0.019078947368421053
