0 0.03369082840236686 0.21588815789473684 0.051775147928994084 0.058618421052631556
0 0.08544748520710059 0.22546052631578947 0.04101331360946746 0.11842105263157894
0 0.049593195266272184 0.5664144736842106 0.011094674556213017 0.033223684210526315
1 0.062074704142011834 0.5715131578947369 0.014607988165680473 0.021052631578947368
3 0.2829326923076923 0.7035855263157893 0.00551035502958579 0.018618421052631548
0 0.2930103550295858 0.6652302631578948 0.00628698224852071 0.02467105263157902
0 0.2903846153846154 0.7053618421052632 0.005917159763313609 0.01848684210526325
0 0.8838202662721893 0.5806907894736842 0.01904585798816568 0.06835526315789472
0 0.8903846153846153 0.6782894736842106 0.018417159763313675 0.05447368421052636
0 0.7553069526627219 0.6969078947368421 0.005806213017751412 0.030526315789473745
0 0.7480954142011834 0.7379934210526315 0.00595414201183437 0.01993421052631591
3 0.7549741124260354 0.7382236842105263 0.005658284023668622 0.02236842105263158
3 0.5877588757396449 0.6598355263157895 0.0031804733727810314 0.022828947368421008
3 0.6000554733727811 0.6611513157894737 0.009060650887573964 0.014802631578947368
