0 0.6796597633136094 0.7461184210526315 0.0040680473372781065 0.019736842105263157
1 0.6854844674556213 0.7388815789473684 0.0035133136094674558 0.009210526315789473
0 0.13583579881656804 0.4446710526315789 0.016346153846153844 0.06565789473684208
0 0.21507026627218934 0.4479605263157895 0.01505177514792897 0.06565789473684208
0 0.25972633136094675 0.6779276315789474 0.007766272189349112 0.04059210526315785
0 0.26625369822485206 0.6779276315789474 0.006249999999999992 0.037565789473684226
1 0.5150702662721893 0.6735526315789473 0.010022189349112393 0.014342105263157939
1 0.5014792899408284 0.6750986842105263 0.0036982248520710057 0.02124999999999997
1 0.5714866863905326 0.7115131578947368 0.0030325443786982415 0.020263157894736962
0 0.8199149408284024 0.6407565789473685 0.015051775147929094 0.044802631578947386
0 0.824426775147929 0.6862828947368421 0.01201923076923077 0.027434210526315818
