0 0.08818417159763313 0.40480263157894736 0.022892011834319517 0.06578947368421052
0 0.17633136094674556 0.4104276315789473 0.020931952662721902 0.07703947368421055
0 0.24105029585798815 0.6708552631578948 0.008357988165680482 0.0402631578947368
0 0.2483542899408284 0.6745723684210526 0.006249999999999992 0.03453947368421045
0 0.8396819526627219 0.6261842105263158 0.015606508875739578 0.05263157894736842
0 0.8470784023668639 0.6830921052631579 0.016789940828402232 0.04407894736842105
0 0.6831360946745562 0.7429605263157895 0.005473372781065072 0.01605263157894743
1 0.6897744082840237 0.7440789473684211 0.004400887573964446 0.020921052631579066
1 0.4975036982248521 0.6705592105263158 0.0036612426035503294 0.022039473684210525
1 0.5117233727810651 0.67 0.010059171597633153 0.015526315789473699
1 0.570728550295858 0.7099013157894738 0.003291420118343229 0.021907894736842074
