0 0.2716715976331361 0.6525986842105264 0.00687869822485208 0.026118421052631534
0 0.3793639053254438 0.6502631578947369 0.006582840236686416 0.026973684210526316
0 0.4210059171597633 0.6486842105263158 0.005177514792899409 0.02381578947368424
1 0.7023853550295858 0.7406578947368421 0.0026257396449703807 0.007631578947368361
0 0.6994452662721894 0.7403618421052631 0.0022928994082840404 0.0066447368421053525
0 0.8814903846153846 0.7129605263157895 0.00713757396449694 0.015131578947368421
0 0.858117603550296 0.6641776315789474 0.00403106508875743 0.016381578947368407
0 0.8702107988165682 0.6601973684210526 0.004770710059171631 0.02000000000000006
0 0.9047337278106509 0.6453618421052632 0.004807692307692308 0.020855263157894693
0 0.3170118343195266 0.7099013157894738 0.003476331360946737 0.011644736842105293
0 0.33931213017751477 0.7123026315789472 0.0029585798816568047 0.009078947368421023
0 0.30528846153846156 0.7176315789473685 0.006213017751479273 0.007763157894736812
