0 0.26103920118343193 0.6578947368421053 0.005880177514792891 0.030394736842105294
0 0.27340976331360944 0.6539473684210526 0.01656804733727813 0.02000000000000006
0 0.28870192307692305 0.6546710526315789 0.006028106508875723 0.029210526315789458
3 0.5717640532544378 0.7272697368421053 0.005214497041420085 0.013750000000000059
0 0.5989275147928994 0.7101315789473684 0.004881656804733661 0.021842105263157923
0 0.6012943786982249 0.7328947368421053 0.004807692307692308 0.016973684210526436
0 0.6230769230769232 0.6767763157894737 0.003772189349112443 0.016710526315789533
3 0.5723742603550296 0.7424671052631578 0.0040680473372781065 0.012171052631578947
0 0.21488535502958578 0.745032894736842 0.004105029585798825 0.023223684210526285
0 0.2144230769230769 0.7671710526315789 0.003994082840236711 0.016973684210526287
0 0.2101886094674556 0.719046052631579 0.004844674556213026 0.018486842105263097
0 0.2706360946745562 0.756578947368421 0.004881656804733702 0.01631578947368433
1 0.47298446745562134 0.70625 0.004105029585798783 0.015526315789473624
3 0.47978920118343193 0.7059868421052631 0.007507396449704125 0.0125
3 0.48663091715976325 0.7056907894736842 0.003883136094674556 0.01638157894736833
