0 0.05251479289940828 0.6181249999999999 0.008727810650887582 0.02546052631578943
0 0.08971893491124261 0.6307565789473685 0.00761834319526627 0.024276315789473743
0 0.1663276627218935 0.6520723684210527 0.00551035502958579 0.020197368421052662
3 0.8507766272189349 0.7177960526315791 0.0038461538461537115 0.013355263157894707
0 0.8445636094674556 0.716546052631579 0.004142011834319627 0.012565789473684301
1 0.6237610946745562 0.6819736842105263 0.0023298816568047167 0.015394736842105173
3 0.652551775147929 0.6828289473684211 0.0030325443786981578 0.016973684210526287
3 0.7240754437869823 0.6807565789473684 0.0034763313609466953 0.01611842105263158
0 0.21237056213017752 0.729078947368421 0.005362426035502958 0.014210526315789413
0 0.2186390532544379 0.7277631578947369 0.004733727810650913 0.011842105263157895
