0 0.040199704142011836 0.6161513157894737 0.008727810650887572 0.02546052631578943
0 0.07880917159763313 0.6285526315789475 0.008801775147928998 0.02657894736842104
0 0.15845044378698225 0.6515460526315789 0.00551035502958579 0.020197368421052662
3 0.8589127218934911 0.7198026315789473 0.003920118343195401 0.01381578947368421
0 0.8519045857988167 0.7191776315789474 0.0044008875739645304 0.013092105263157804
1 0.6260539940828402 0.6840131578947368 0.0023298816568047167 0.015394736842105324
1 0.6551775147928994 0.6842105263157895 0.0030325443786982415 0.016973684210526436
1 0.7282174556213017 0.6830592105263158 0.0034763313609466953 0.01611842105263158
0 0.20650887573964496 0.7290131578947368 0.003772189349112443 0.015657894736842076
0 0.21227810650887574 0.7300657894736843 0.004881656804733745 0.014078947368421113
