0 0.12601701183431951 0.30934210526315786 0.025258875739644953 0.10486842105263157
0 0.06771449704142012 0.30759868421052633 0.04726331360946746 0.05756578947368421
3 0.3255362426035503 0.7012171052631578 0.004770710059171631 0.02361842105263149
3 0.32446375739644967 0.7601973684210527 0.0036612426035502873 0.01605263157894743
0 0.8842085798816568 0.4858881578947368 0.018786982248520778 0.05743421052631584
1 0.8996116863905326 0.5898355263157894 0.01860207100591706 0.05098684210526316
0 0.7691752958579882 0.594078947368421 0.014977810650887574 0.07486842105263154
0 0.744951923076923 0.36555921052631585 0.022818047337278123 0.08164473684210528
1 0.7816013313609467 0.46957236842105265 0.011945266272189248 0.02611842105263161
0 0.7628883136094674 0.47842105263157897 0.009060650887573964 0.0506578947368421
3 0.5339866863905326 0.7061513157894737 0.004585798816567997 0.017434210526315788
3 0.5340236686390533 0.7304934210526315 0.003920118343195233 0.014276315789473713
3 0.47953032544378704 0.6819407894736842 0.008690828402366863 0.013486842105263158
3 0.46950813609467457 0.6841118421052631 0.003883136094674556 0.019671052631578857
0 0.029474852071005912 0.6586184210526315 0.010650887573964495 0.03552631578947361
1 0.04097633136094674 0.6603618421052632 0.011094674556213017 0.019671052631579006
