0 0.9384060650887573 0.5371381578947368 0.006841715976331361 0.028486842105263203
1 0.9314903846153846 0.5419407894736842 0.005584319526627354 0.01625000000000003
0 0.9188609467455621 0.558125 0.005843195266272257 0.013355263157894707
0 0.7047707100591716 0.6661513157894737 0.010281065088757379 0.03993421052631582
0 0.697762573964497 0.60875 0.013720414201183398 0.047105263157894754
1 0.5662167159763314 0.7239144736842105 0.0036612426035503294 0.01611842105263158
1 0.5645525147928995 0.7013486842105264 0.005066568047337295 0.020855263157894766
1 0.4386094674556213 0.6754605263157895 0.005399408284023635 0.020657894736842167
1 0.4311020710059172 0.6783223684210528 0.00835798816568044 0.012960526315789504
0 0.285780325443787 0.6723026315789473 0.004770710059171631 0.02486842105263155
0 0.27910502958579886 0.6688157894736841 0.00628698224852071 0.02460526315789472
0 0.34018121301775145 0.7329605263157895 0.0047707100591715896 0.020263157894736813
0 0.33707470414201185 0.7581907894736842 0.004031065088757388 0.015855263157894678
0 0.2334689349112426 0.4713157894736842 0.03439349112426036 0.036710526315789443
0 0.2690273668639053 0.47618421052631577 0.012832840236686365 0.06118421052631579
