1 0.85155325443787 0.5506578947368421 0.01124260355029589 0.019605263157894706
0 0.8392011834319526 0.5566118421052632 0.010428994082840337 0.03164473684210528
1 0.9165680473372781 0.619046052631579 0.009985207100591717 0.032697368421052586
0 0.9108912721893492 0.5805921052631579 0.010761834319526594 0.03513157894736848
0 0.7528846153846154 0.43671052631578944 0.017973372781065054 0.06697368421052637
0 0.7666420118343196 0.6200986842105263 0.010650887573964565 0.059934210526315805
0 0.13069526627218933 0.21717105263157896 0.06242603550295858 0.05381578947368422
0 0.19752218934911245 0.2275657894736842 0.030251479289940833 0.09894736842105266
0 0.26386834319526625 0.6529934210526316 0.007248520710059138 0.023881578947368465
0 0.27984467455621304 0.7020723684210527 0.005917159763313609 0.023092105263157983
3 0.36153846153846153 0.6879605263157895 0.004881656804733745 0.020657894736842167
3 0.359689349112426 0.7453618421052632 0.003476331360946737 0.013486842105263158
0 0.6147928994082841 0.6773026315789473 0.004733727810650871 0.019605263157894782
3 0.5672337278106508 0.7236184210526316 0.003476331360946779 0.01499999999999997
3 0.565939349112426 0.7011513157894737 0.0038461538461538798 0.0188815789473683
