0 0.9419563609467456 0.5399013157894736 0.006841715976331361 0.028486842105263126
1 0.9359282544378699 0.5436513157894737 0.005584319526627354 0.018618421052631548
0 0.9221153846153847 0.5583881578947368 0.005843195266272257 0.013355263157894707
0 0.7069156804733728 0.6661513157894737 0.010281065088757464 0.03993421052631582
0 0.699426775147929 0.60875 0.013720414201183398 0.047105263157894754
1 0.567289201183432 0.7246381578947368 0.0036612426035503294 0.01611842105263158
1 0.5654400887573964 0.7026644736842107 0.005066568047337295 0.020855263157894766
0 0.43920118343195264 0.6768421052631579 0.005399408284023719 0.02065789473684209
1 0.43150887573964497 0.6785197368421052 0.00835798816568044 0.012960526315789504
0 0.285780325443787 0.6723026315789473 0.004770710059171631 0.02486842105263155
0 0.27910502958579886 0.6688157894736841 0.00628698224852071 0.02460526315789472
0 0.34018121301775145 0.7329605263157895 0.0047707100591715896 0.020263157894736813
0 0.33707470414201185 0.7581907894736842 0.004031065088757388 0.015855263157894678
0 0.2334689349112426 0.4713157894736842 0.03439349112426036 0.036710526315789443
0 0.2690273668639053 0.47618421052631577 0.012832840236686365 0.06118421052631579
0 0.5635355029585799 0.7237171052631579 0.002514792899408267 0.013486842105263158
