1 0.9755917159763313 0.5184868421052631 0.02906804733727824 0.08315789473684208
0 0.9512758875739645 0.3793421052631579 0.02814349112426049 0.10855263157894737
3 0.5747226331360947 0.6819078947368421 0.005436390532544396 0.02868421052631573
3 0.5763868343195266 0.7124671052631578 0.004548816568047321 0.020592105263157866
0 0.5712278106508876 0.7120065789473684 0.004733727810650871 0.020855263157894616
3 0.4087278106508876 0.6523684210526316 0.005695266272189383 0.02618421052631576
3 0.39828032544378694 0.6536842105263158 0.011945266272189333 0.017105263157894738
0 0.27017381656804734 0.7498355263157894 0.004474852071005926 0.01493421052631567
0 0.27231878698224854 0.7217434210526317 0.005806213017751496 0.023223684210526285
0 0.17699704142011835 0.6293421052631578 0.005029585798816555 0.03855263157894738
0 0.16009615384615383 0.6211513157894737 0.0071005917159763276 0.037565789473684226
1 0.1669008875739645 0.6271710526315789 0.004659763313609476 0.02631578947368421
