3 0.25562130177514797 0.7540789473684211 0.007174556213017743 0.020789473684210465
1 0.2663091715976331 0.7274999999999999 0.006952662721893474 0.030526315789473745
1 0.22511094674556215 0.641875 0.011020710059171622 0.01993421052631576
1 0.2129992603550296 0.6330921052631578 0.010022189349112434 0.034736842105263205
3 0.5368528106508876 0.7098684210526316 0.009652366863905375 0.0505263157894738
3 0.6975961538461538 0.6498684210526315 0.008136094674556213 0.03052631578947367
3 0.7001479289940827 0.6986513157894737 0.005621301775147945 0.020460526315789415
1 0.912037721893491 0.633782894736842 0.014016272189349145 0.03559210526315791
1 0.9074519230769231 0.5851973684210526 0.012906804733727677 0.04921052631578944
1 0.8269230769230769 0.5206578947368422 0.012352071005917025 0.039868421052631595
0 0.847244822485207 0.5103618421052631 0.014016272189349145 0.02651315789473681
