0 0.09251109467455622 0.6442434210526315 0.006619822485207113 0.021776315789473623
0 0.09147559171597634 0.6726644736842106 0.006619822485207103 0.021513157894736797
0 0.13901627218934912 0.6641447368421053 0.00894970414201183 0.025131578947368376
0 0.1401257396449704 0.6005921052631579 0.007544378698224865 0.03684210526315789
0 0.15369822485207102 0.6357565789473685 0.005695266272189361 0.01888157894736845
3 0.15891272189349112 0.6392434210526315 0.0038461538461538377 0.013355263157894707
0 0.16531065088757396 0.6410855263157895 0.005547337278106509 0.020328947368421037
0 0.19275147928994085 0.6504934210526315 0.004733727810650913 0.01756578947368424
0 0.21198224852071007 0.5403618421052632 0.01042899408284021 0.03848684210526316
0 0.23903476331360948 0.5361842105263158 0.018010355029585815 0.020394736842105264
0 0.2673631656804734 0.5338815789473684 0.00935650887573967 0.03631578947368424
3 0.34123520710059174 0.7150986842105262 0.003772189349112401 0.009407894736842075
0 0.595469674556213 0.5825 0.007507396449704125 0.02618421052631576
0 0.586926775147929 0.5911184210526316 0.0073594674556213355 0.024210526315789443
0 0.579900147928994 0.5975 0.0070636094674555875 0.023947368421052617
3 0.4520710059171598 0.6555263157894736 0.0030325443786982415 0.004605263157894736
3 0.4553624260355029 0.6549013157894737 0.002736686390532578 0.005197368421052616
