0 0.09251109467455622 0.6442434210526315 0.006619822485207113 0.021776315789473623
0 0.09147559171597634 0.6726644736842106 0.006619822485207103 0.021513157894736797
3 0.13901627218934912 0.6641447368421053 0.00894970414201183 0.025131578947368376
0 0.1401257396449704 0.6005921052631579 0.007544378698224865 0.03684210526315789
0 0.15369822485207102 0.6357565789473685 0.005695266272189361 0.01888157894736845
3 0.15891272189349112 0.6392434210526315 0.0038461538461538377 0.013355263157894707
0 0.16531065088757396 0.6410855263157895 0.005547337278106509 0.020328947368421037
0 0.19275147928994085 0.6504934210526315 0.004733727810650913 0.01756578947368424
0 0.21198224852071007 0.5403618421052632 0.01042899408284021 0.03848684210526316
0 0.23903476331360948 0.5361842105263158 0.018010355029585815 0.020394736842105264
0 0.2673631656804734 0.5338815789473684 0.00935650887573967 0.03631578947368424
1 0.34134615384615385 0.7101973684210526 0.003402366863905342 0.006710526315789354
0 0.595469674556213 0.5825 0.007507396449704125 0.02618421052631576
0 0.586926775147929 0.5911184210526316 0.0073594674556213355 0.024210526315789443
0 0.579900147928994 0.5975 0.0070636094674555875 0.023947368421052617
1 0.4401812130177515 0.6542105263157896 0.004548816568047405 0.006973684210526331
1 0.4532174556213018 0.6550986842105263 0.007322485207100659 0.0050657894736842405
1 0.4675850591715976 0.6529934210526316 0.004474852071005967 0.005855263157894722
