0 0.09251109467455622 0.6442434210526315 0.006619822485207113 0.021776315789473623
0 0.1400147928994083 0.5982236842105263 0.007544378698224865 0.03684210526315789
0 0.15369822485207102 0.6357565789473685 0.005695266272189361 0.01888157894736845
3 0.15891272189349112 0.6392434210526315 0.0038461538461538377 0.013355263157894707
0 0.16516272189349113 0.6390460526315789 0.005547337278106509 0.020328947368421037
0 0.19271449704142013 0.6470065789473685 0.004733727810650871 0.017565789473684167
0 0.21168639053254437 0.5375986842105263 0.010428994082840254 0.03848684210526316
0 0.23848002958579884 0.533157894736842 0.018010355029585815 0.020394736842105264
0 0.2670673076923077 0.5336184210526316 0.009356508875739628 0.03631578947368424
0 0.595469674556213 0.5825 0.007507396449704125 0.02618421052631576
0 0.586926775147929 0.5911184210526316 0.0073594674556213355 0.024210526315789443
0 0.579900147928994 0.5975 0.0070636094674555875 0.023947368421052617
1 0.4400887573964497 0.6516776315789473 0.003624260355029653 0.006776315789473729
1 0.4532914201183432 0.6564144736842106 0.007618343195266239 0.011644736842105293
1 0.46691937869822486 0.6511513157894737 0.004770710059171631 0.007171052631579007
1 0.49537721893491127 0.655 0.0032544378698225523 0.014473684210526316
0 0.13942307692307693 0.6542434210526316 0.008062130177514776 0.01585526315789475
