0 0.10650887573964497 0.7150328947368421 0.007100591715976348 0.019407894736842107
0 0.07095044378698225 0.6604276315789473 0.006767751479289945 0.02006578947368421
1 0.09718934911242604 0.7379934210526315 0.004585798816568039 0.014276315789473564
0 0.18899778106508874 0.48736842105263156 0.01542159763313609 0.06026315789473686
0 0.6572300295857989 0.7052631578947368 0.007729289940828352 0.019342105263157956
0 0.6554548816568047 0.6658881578947369 0.0080251479289941 0.030723684210526344
0 0.6168639053254438 0.6884539473684211 0.005029585798816534 0.022960526315789532
0 0.5591346153846154 0.7354934210526316 0.003254437869822468 0.01243421052631585
1 0.563646449704142 0.7340789473684212 0.0034763313609466953 0.013289473684210556
1 0.40438239644970414 0.72125 0.00403106508875743 0.018421052631578946
1 0.4034023668639053 0.737532894736842 0.003920118343195233 0.007171052631579007
