3 0.054049556213017755 0.6175986842105263 0.011205621301775152 0.035592105263157835
0 0.1096153846153846 0.7210855263157895 0.007766272189349112 0.03019736842105269
0 0.12446375739644971 0.43161184210526315 0.020673076923076916 0.07375000000000001
1 0.4995377218934911 0.6889144736842105 0.00610207100591716 0.03059210526315797
1 0.6046042899408284 0.621842105263158 0.006841715976331361 0.0340789473684211
1 0.70260724852071 0.679046052631579 0.00610207100591716 0.030855263157894646
0 0.6963757396449705 0.7124671052631578 0.0067307692307691635 0.019539473684210558
1 0.7051035502958579 0.7112499999999999 0.00576923076923082 0.020789473684210615
0 0.8845229289940828 0.5893092105263158 0.01549556213017738 0.04138157894736848
0 0.9019970414201184 0.6639144736842105 0.018639053254437734 0.05743421052631576
0 0.9716346153846155 0.6793421052631579 0.0132396449704141 0.05039473684210535
