0 0.9463942307692308 0.5148026315789473 0.024889053254437767 0.025
0 0.9028846153846154 0.518717105263158 0.013239644970414268 0.04572368421052632
0 0.642455621301775 0.6921710526315789 0.006582840236686374 0.0311842105263157
0 0.6322485207100591 0.6930263157894737 0.009023668639053205 0.02763157894736842
0 0.24062500000000003 0.70875 0.009282544378698233 0.043026315789473746
0 0.3791050295857988 0.5094078947368421 0.01102071005917158 0.05197368421052632
0 0.37011834319526626 0.690921052631579 0.006582840236686416 0.025394736842105203
0 0.3958579881656805 0.7450000000000001 0.00399408284023667 0.014868421052631668
0 0.568176775147929 0.7408881578947369 0.0038091715976331193 0.014671052631578918
2 0.4763128698224852 0.6858881578947368 0.0035133136094674558 0.01651315789473678
0 0.9736131656804733 0.5148355263157894 0.009578402366863938 0.03532894736842101
