0 0.9686575443786982 0.48717105263157895 0.026960059171597498 0.028157894736842076
0 0.9244082840236686 0.49453947368421053 0.014718934911242671 0.04842105263157896
0 0.6527366863905325 0.6898684210526315 0.006582840236686458 0.0311842105263157
0 0.6424926035502959 0.6920723684210527 0.009319526627218952 0.02993421052631579
0 0.23145340236686388 0.7209868421052632 0.010687869822485199 0.04618421052631582
0 0.37583210059171596 0.5074671052631579 0.011575443786982274 0.05493421052631579
0 0.3727810650887574 0.6998684210526317 0.007174556213017785 0.025789473684210557
0 0.4002218934911242 0.7539473684210526 0.00399408284023667 0.014868421052631519
0 0.5759800295857989 0.743421052631579 0.0035133136094674558 0.01500000000000012
0 0.48186020710059174 0.6925328947368422 0.0035133136094674558 0.01651315789473693
0 0.9961168639053254 0.48789473684210527 0.007766272189349112 0.042105263157894736
