0 0.48435650887573967 0.5118421052631579 0.0040680473372781065 0.019078947368421053
0 0.48500369822485206 0.534375 0.003883136094674556 0.01875
0 0.4816752958579882 0.5657894736842105 0.0035133136094674558 0.0125
0 0.26627218934911245 0.5529934210526315 0.005769230769230736 0.022697368421052633
0 0.27553624260355025 0.5757236842105263 0.0051405325443786894 0.013026315789473655
0 0.3007951183431953 0.5818092105263158 0.0026997041420118175 0.006907894736842105
1 0.2982433431952663 0.5814473684210526 0.002181952662721885 0.008289473684210541
0 0.301405325443787 0.5672039473684211 0.002662721893491141 0.011381578947368392
0 0.34245562130177515 0.49624999999999997 0.004585798816568081 0.021578947368421097
1 0.45896819526627225 0.5682565789473685 0.0023298816568047167 0.01124999999999994
1 0.4173631656804734 0.5392105263157895 0.00225591715976328 0.011710526315789444
