1 0.19077292899408285 0.5022039473684211 0.014164201183431957 0.06348684210526316
0 0.18777736686390534 0.5563486842105263 0.008986686390532527 0.03848684210526316
0 0.3299371301775148 0.34552631578947374 0.020451183431952645 0.03144736842105264
0 0.3801220414201183 0.34381578947368424 0.01431213017751481 0.0567105263157895
1 0.38110207100591714 0.549375 0.00917159763313612 0.012697368421052676
1 0.3828032544378698 0.524671052631579 0.006878698224852121 0.028157894736842076
0 0.3839497041420118 0.5761513157894737 0.006213017751479273 0.014276315789473713
3 0.3770894970414201 0.5764144736842105 0.004326923076923094 0.01598684210526313
0 0.752034023668639 0.5670723684210527 0.00628698224852071 0.016381578947368407
0 0.7587278106508876 0.5378618421052631 0.005103550295857971 0.023881578947368465
3 0.6834134615384616 0.47572368421052635 0.010022189349112393 0.01263157894736845
3 0.6641826923076923 0.4753289473684211 0.005214497041420085 0.025789473684210557
