0 0.3048631656804734 0.48500000000000004 0.009356508875739628 0.03565789473684206
0 0.2264792899408284 0.49078947368421055 0.011168639053254454 0.038157894736842106
0 0.0922337278106509 0.6317763157894737 0.010059171597633133 0.038157894736842106
0 0.2070266272189349 0.5759868421052632 0.006952662721893516 0.02644736842105266
0 0.4095599112426035 0.5079605263157894 0.01009615384615383 0.039868421052631595
1 0.43925665680473375 0.5672368421052632 0.006545857988165613 0.02460526315789472
1 0.5046782544378698 0.5633552631578947 0.004622781065088758 0.021052631578947368
0 0.5462832840236687 0.5636513157894737 0.004548816568047321 0.020986842105263217
0 0.613128698224852 0.6069407894736841 0.004733727810650871 0.02006578947368421
0 0.6136279585798816 0.6280592105263157 0.004992603550295858 0.014934210526315819
