1 0.019119822485207102 0.6244407894736842 0.02041420118343195 0.08519736842105263
0 0.6690643491124261 0.5779605263157894 0.013202662721893507 0.074078947368421
0 0.551923076923077 0.5793092105263158 0.006360946745562147 0.029276315789473685
0 0.5307692307692307 0.6602302631578947 0.00399408284023667 0.02532894736842105
3 0.4833764792899409 0.5991118421052631 0.0038091715976331193 0.019407894736842107
3 0.4351331360946745 0.5998684210526315 0.003402366863905342 0.02184210526315785
0 0.2867973372781065 0.6767105263157894 0.004733727810650871 0.029736842105263186
3 0.2803439349112426 0.676611842105263 0.0051405325443786894 0.029144736842105234
0 0.2524593195266272 0.20042763157894736 0.023187869822485226 0.10664473684210526
0 0.00944896449704142 0.19654605263157895 0.01889792899408284 0.1100657894736842
