0 0.010946745562130178 0.26052631578947366 0.021893491124260357 0.048157894736842136
0 0.0715051775147929 0.2710526315789474 0.02592455621301775 0.10934210526315792
0 0.12385355029585798 0.2675657894736842 0.028550295857988163 0.10815789473684209
0 0.08134245562130177 0.6173026315789474 0.014534023668639047 0.03881578947368421
0 0.6815828402366864 0.5363815789473684 0.012943786982248521 0.04276315789473684
3 0.555991124260355 0.5892434210526316 0.004437869822485207 0.016513157894736858
0 0.68073224852071 0.5929934210526315 0.006213017751479273 0.02296052631578946
0 0.26745562130177514 0.6344078947368421 0.0073964497041420114 0.018552631578947324
1 0.42570266272189344 0.5567105263157895 0.0060650887573964 0.02421052631578952
0 0.4367233727810651 0.5542434210526316 0.00821005917159765 0.010065789473684255
0 0.4087278106508876 0.6245394736842105 0.0016272189349112762 0.006447368421052676
0 0.4342825443786983 0.625296052631579 0.0015532544378698394 0.006644736842105278
0 0.43661242603550293 0.6241776315789473 0.0022928994082840404 0.0029605263157894738
