0 0.03411612426035503 0.12115131578947366 0.038868343195266275 0.14677631578947367
0 0.043879437869822485 0.6098026315789473 0.014534023668639057 0.04289473684210529
3 0.5888498520710059 0.5814144736842105 0.004770710059171631 0.018092105263157895
0 0.7493158284023669 0.5021710526315789 0.011427514792899357 0.029736842105263114
0 0.2794008875739645 0.6301315789473684 0.0073964497041420114 0.018552631578947324
3 0.44807692307692304 0.5492763157894738 0.0068047337278106 0.02671052631578949
0 0.4595229289940828 0.5460197368421053 0.00854289940828399 0.011381578947368466
0 0.43117603550295863 0.622467105263158 0.0016272189349111922 0.007171052631578932
0 0.4568047337278106 0.623125 0.0015532544378698394 0.006644736842105278
0 0.45933801775147937 0.6221052631578947 0.00210798816568049 0.002894736842105248
0 0.4284763313609467 0.6231578947368421 0.0018491124260355029 0.0031578947368421503
