0 0.08764792899408284 0.32776315789473687 0.031286982248520716 0.10986842105263162
0 0.11464497041420119 0.30934210526315786 0.04874260355029585 0.04842105263157896
0 0.1550665680473373 0.32161184210526317 0.028846153846153848 0.11203947368421054
0 0.18664940828402365 0.7134868421052631 0.005029585798816577 0.019473684210526258
3 0.18012204142011834 0.7153618421052631 0.005214497041420127 0.020592105263157866
0 0.5706730769230769 0.6661513157894736 0.005621301775147945 0.014934210526315744
3 0.5766272189349113 0.6649013157894736 0.004807692307692308 0.016907894736842136
3 0.4374075443786982 0.6106250000000001 0.006397928994082908 0.030328947368421066
3 0.41277736686390537 0.6133881578947368 0.0061760355029585965 0.030328947368421066
0 0.4255177514792899 0.610625 0.010502958579881606 0.01361842105263161
