0 0.03829511834319527 0.21411184210526316 0.05869082840236687 0.05914473684210525
0 0.11647559171597635 0.23490131578947368 0.031176035502958586 0.13217105263157894
0 0.18152736686390533 0.7144407894736841 0.005362426035502958 0.01598684210526313
3 0.1746301775147929 0.7154276315789473 0.006434911242603542 0.018223684210526347
3 0.40891272189349115 0.6279276315789474 0.005029585798816534 0.024539473684210573
3 0.41991494082840236 0.6267763157894737 0.00610207100591716 0.025263157894736828
0 0.43241494082840237 0.6239144736842105 0.008764792899408217 0.011118421052631564
0 0.5636834319526627 0.6251315789473685 0.008949704142011851 0.028815789473684256
0 0.4907174556213018 0.6720394736842106 0.0035502958579882163 0.014605263157894692
0 0.536926775147929 0.535 0.008173076923076974 0.020394736842105264
0 0.5272559171597633 0.5426973684210527 0.011464497041420118 0.0405263157894737
