1 0.13840606508875739 0.711907894736842 0.0076553254437869995 0.019736842105263157
0 0.26529215976331355 0.6564802631578947 0.008912721893491132 0.03453947368421045
0 0.4183247041420119 0.5927631578947369 0.01201923076923077 0.016842105263157835
0 0.44295488165680474 0.5920394736842105 0.007655325443786915 0.036710526315789443
0 0.4612610946745562 0.589703947368421 0.007655325443786915 0.0370394736842105
0 0.7725591715976331 0.6364144736842104 0.007840236686390466 0.022302631578947355
3 0.7072115384615384 0.6741447368421052 0.004289940828402334 0.013684210526315759
3 0.6353365384615384 0.5536842105263158 0.008394970414201201 0.04078947368421053
0 0.6532359467455621 0.5474342105263157 0.013202662721893507 0.01934210526315788
0 0.6555103550295858 0.28924342105263157 0.02862426035502962 0.11138157894736839
0 0.7155325443786983 0.2750986842105263 0.03542899408284022 0.0580921052631579
