3 0.14951923076923077 0.6219736842105263 0.00687869822485208 0.03342105263157892
3 0.16205621301775147 0.6224342105263158 0.007174556213017743 0.03315789473684209
0 0.1845784023668639 0.6210197368421053 0.012352071005917151 0.014934210526315744
0 0.6743528106508876 0.4485197368421053 0.021782544378698258 0.031644736842105205
0 0.6373705621301775 0.45865131578947377 0.016087278106508875 0.06519736842105264
1 0.6600776627218935 0.5783881578947369 0.006767751479289924 0.03296052631578949
0 0.6746116863905326 0.5731907894736842 0.010613905325443804 0.015460526315789473
1 0.736723372781065 0.667203947368421 0.0033284023668639054 0.008355263157894767
0 0.5234097633136096 0.6066118421052631 0.006730769230769248 0.02953947368421051
0 0.509116124260355 0.609375 0.005732248520710059 0.029407894736842136
0 0.48977440828402363 0.6101315789473685 0.009356508875739628 0.013552631578947384
0 0.37100591715976333 0.6621710526315789 0.00687869822485208 0.026447368421052588
