1 0.01662352071005917 0.5218421052631579 0.02392751479289941 0.0851315789473684
0 0.22340976331360943 0.33463815789473683 0.028994082840236676 0.03940789473684213
0 0.2866494082840237 0.33779605263157897 0.021079881656804734 0.07585526315789475
1 0.30465976331360944 0.5816118421052632 0.009393491124260347 0.032434210526315836
1 0.30122041420118345 0.6102302631578947 0.011168639053254454 0.014539473684210541
1 0.29504437869822486 0.6364802631578947 0.0042159763313609384 0.010065789473684255
1 0.6267381656804734 0.5519736842105263 0.005695266272189383 0.029078947368421083
0 0.6476331360946745 0.5548355263157894 0.010946745562130144 0.014539473684210541
1 0.727496301775148 0.6314473684210526 0.005732248520710059 0.02934210526315791
0 0.818694526627219 0.5956578947368422 0.008986686390532612 0.03921052631578949
0 0.8176035502958581 0.5516776315789473 0.00872781065088754 0.03940789473684209
1 0.8219674556213019 0.6300986842105263 0.012721893491124294 0.02006578947368421
