1 0.11691937869822484 0.6197368421052631 0.00817307692307691 0.03500000000000003
1 0.1307137573964497 0.6204934210526316 0.007433431952662731 0.035986842105263185
0 0.1547707100591716 0.6181249999999999 0.01161242603550295 0.014276315789473639
0 0.3563239644970414 0.6631907894736842 0.007322485207100575 0.028486842105263203
0 0.4825258875739645 0.6073684210526316 0.009948224852071039 0.012763157894736827
0 0.5030880177514793 0.6067434210526316 0.0061760355029585965 0.0315131578947369
0 0.5185835798816568 0.6043092105263158 0.006176035502958512 0.031118421052631625
3 0.7406619822485208 0.670953947368421 0.0032174556213017077 0.012434210526315775
0 0.773798076923077 0.6442763157894736 0.007433431952662688 0.025263157894736828
0 0.6499260355029586 0.42654605263157896 0.02011834319526622 0.07269736842105264
0 0.6912352071005917 0.41480263157894737 0.02403846153846154 0.03631578947368424
3 0.6644045857988166 0.5726644736842106 0.007433431952662688 0.034802631578947356
0 0.6798816568047338 0.5672697368421052 0.011094674556213017 0.01611842105263158
