0 0.07723742603550297 0.7049342105263158 0.005510355029585801 0.018026315789473744
0 0.3044748520710059 0.6649013157894736 0.004585798816568039 0.007039473684210556
0 0.31033653846153847 0.6653947368421053 0.003143491124260355 0.015921052631578978
0 0.3155510355029586 0.6648026315789474 0.004548816568047321 0.015131578947368421
3 0.4722818047337278 0.683453947368421 0.0029215976331361283 0.0124342105263157
3 0.47601701183431955 0.687171052631579 0.0028476331360946915 0.005263157894736842
0 0.5438609467455621 0.6910526315789475 0.002884615384615368 0.010263157894736932
0 0.5939903846153847 0.6517105263157894 0.00417899408284022 0.01815789473684212
0 0.5998335798816569 0.6520394736842106 0.004474852071005883 0.019605263157894706
0 0.5981878698224852 0.671875 0.00451183431952656 0.012171052631578947
0 0.6092455621301776 0.6592105263157895 0.004585798816567997 0.0051315789473683916
0 0.5817122781065089 0.6862499999999999 0.005140532544378732 0.03263157894736851
