0 0.5797152366863905 0.5717763157894737 0.008173076923076889 0.032105263157894706
0 0.5806397928994084 0.6073684210526316 0.008247041420118326 0.03223684210526316
0 0.3534578402366864 0.5374671052631579 0.007877218934911227 0.038881578947368434
0 0.22242973372781066 0.629375 0.011205621301775173 0.04098684210526313
0 0.24953772189349113 0.6713157894736842 0.010022189349112393 0.022236842105263128
0 0.3212463017751479 0.6649999999999999 0.004696745562130194 0.019605263157894782
3 0.3160872781065089 0.6845723684210527 0.004585798816568039 0.012697368421052601
3 0.4742418639053254 0.6315460526315789 0.0040310650887573456 0.017697368421052618
3 0.5270710059171597 0.6735197368421053 0.0052514792899408455 0.007828947368421112
0 0.5742418639053254 0.6576315789473685 0.007285502958579815 0.02118421052631582
