0 0.09177144970414201 0.7066118421052632 0.007285502958579877 0.01651315789473678
0 0.19027366863905326 0.7291776315789473 0.003846153846153859 0.01374999999999991
0 0.19469304733727813 0.7304605263157896 0.0027736686390532543 0.010657894736842135
0 0.2222448224852071 0.5790131578947368 0.008764792899408258 0.0375
0 0.2515717455621302 0.5810855263157895 0.0064718934911242604 0.035328947368421085
3 0.370155325443787 0.6833881578947368 0.002662721893491141 0.013092105263157955
3 0.3799556213017752 0.6830263157894736 0.002884615384615368 0.013289473684210556
0 0.48182322485207096 0.6968421052631579 0.0035133136094674558 0.0125
3 0.482082100591716 0.7099342105263158 0.0028476331360946915 0.009868421052631578
0 0.5612241124260355 0.6961842105263156 0.0070636094674555875 0.016578947368421082
