0 0.10623150887573965 0.5231578947368422 0.011797337278106501 0.042105263157894736
0 0.2029215976331361 0.5216776315789474 0.011464497041420118 0.04124999999999995
0 0.17649778106508876 0.692138157894737 0.003883136094674556 0.01361842105263161
0 0.18156434911242605 0.6932236842105264 0.004918639053254442 0.0125
0 0.36494082840236686 0.5965460526315789 0.007100591715976306 0.03177631578947365
1 0.40055473372781064 0.6354605263157895 0.004807692307692308 0.02078947368421054
1 0.460835798816568 0.6144736842105263 0.004807692307692308 0.021447368421052573
1 0.5038461538461538 0.6158552631578946 0.004142011834319543 0.021447368421052646
1 0.577292899408284 0.6694078947368421 0.004142011834319459 0.021052631578947368
0 0.5880362426035503 0.6253618421052631 0.004622781065088758 0.023881578947368465
