3 0.2054733727810651 0.6699342105263157 0.007766272189349112 0.02815789473684215
0 0.21558801775147932 0.6694407894736842 0.00950443786982246 0.0248026315789474
0 0.7386094674556213 0.6590460526315789 0.011094674556213017 0.047565789473684256
3 0.7159763313609467 0.6438157894736842 0.0073964497041420114 0.038289473684210554
0 0.7088202662721894 0.681875 0.008468934911242553 0.02756578947368427
3 0.6279400887573965 0.5506578947368421 0.0148298816568047 0.02013157894736836
3 0.5975406804733728 0.5482565789473683 0.0070636094674555875 0.037565789473684226
1 0.5873705621301775 0.6817434210526315 0.0044008875739645304 0.007434210526315909
1 0.5806213017751479 0.6789144736842104 0.00421597633136098 0.007697368421052662
1 0.5013498520710059 0.7053947368421053 0.002995562130177565 0.005263157894736842
