0 0.4656065088757396 0.7336842105263157 0.002810650887573931 0.015921052631578978
0 0.569323224852071 0.7304934210526315 0.0035133136094674558 0.011381578947368392
3 0.6361501479289942 0.7311513157894737 0.0037352071005917666 0.008881578947368421
3 0.525628698224852 0.6799013157894737 0.0061390532544378365 0.01296052631578943
0 0.5172152366863906 0.5903947368421052 0.016900887573964515 0.02236842105263158
0 0.5372411242603551 0.596907894736842 0.00798816568047334 0.046052631578947366
0 0.77344674556213 0.6312828947368421 0.00976331360946749 0.03164473684210528
0 0.5359652366863905 0.6741118421052632 0.007507396449704209 0.012302631578947398
0 0.5259060650887575 0.6690131578947368 0.00417899408284022 0.013947368421052661
0 0.6294748520710058 0.7126644736842105 0.0070266272189349116 0.02611842105263146
0 0.41810281065088756 0.7100328947368421 0.012610946745562096 0.029407894736841987
