1 0.24153106508875735 0.6802302631578948 0.007174556213017743 0.025065789473684225
0 0.2497965976331361 0.6807894736842105 0.009282544378698233 0.025263157894736828
0 0.6907729289940828 0.6862499999999999 0.0061760355029585965 0.024473684210526345
0 0.7128328402366864 0.6739473684210527 0.00872781065088754 0.026842105263157865
1 0.6955251479289941 0.6533552631578947 0.005325443786982282 0.032763157894736814
1 0.6180658284023669 0.5695394736842105 0.013498520710059171 0.017368421052631564
1 0.5907914201183432 0.5675 0.005991124260354962 0.03342105263157892
1 0.5830621301775147 0.6804934210526316 0.005325443786982198 0.00861842105263167
1 0.5771264792899408 0.6798026315789475 0.00403106508875743 0.009342105263157924
1 0.4998890532544379 0.7042434210526315 0.0040680473372781065 0.008092105263157864
