0 0.7563979289940829 0.6035855263157895 0.010650887573964396 0.042697368421052616
0 0.7074889053254437 0.4882236842105263 0.009800295857988165 0.03684210526315789
3 0.564848372781065 0.6371381578947368 0.005288461538461521 0.018355263157894722
3 0.5643121301775148 0.6095065789473685 0.005177514792899409 0.02559210526315788
0 0.5592085798816567 0.5615131578947369 0.006582840236686374 0.02644736842105266
0 0.5603365384615385 0.5862499999999999 0.007507396449704125 0.014078947368421038
0 0.5584689349112426 0.611578947368421 0.005547337278106509 0.025263157894736828
3 0.33073224852071004 0.5617763157894736 0.008653846153846146 0.011052631578947338
3 0.35569526627218934 0.5617763157894736 0.003476331360946737 0.020526315789473715
3 0.31053994082840236 0.5591776315789474 0.003476331360946737 0.020855263157894693
