0 0.35734097633136097 0.7188486842105264 0.0034393491124260185 0.015197368421052721
0 0.36519970414201186 0.7270723684210527 0.0033284023668639054 0.01361842105263161
0 0.3837647928994083 0.6864144736842105 0.00421597633136098 0.017039473684210438
0 0.4407544378698225 0.6859210526315789 0.0029585798816568047 0.01723684210526319
0 0.4704326923076923 0.6832236842105263 0.0033653846153845817 0.017236842105263037
0 0.654789201183432 0.741217105263158 0.0035872781065088926 0.012960526315789504
0 0.653383875739645 0.7017763157894737 0.0038091715976332034 0.009210526315789473
0 0.5853920118343195 0.7034210526315788 0.0019970414201182928 0.011710526315789444
0 0.5458764792899408 0.7051973684210527 0.0018121301775148265 0.011973684210526346
0 0.5244452662721893 0.7053618421052632 0.001775147928994066 0.012565789473684301
