0 0.1435835798816568 0.7354605263157895 0.01335059171597634 0.030921052631578946
0 0.15192307692307694 0.6435197368421053 0.010355029585798817 0.035328947368421085
0 0.2208394970414201 0.6794407894736842 0.007211538461538462 0.025723684210526256
0 0.2095229289940828 0.745953947368421 0.006767751479289966 0.023223684210526285
0 0.21765902366863904 0.7444736842105263 0.00706360946745563 0.02486842105263155
0 0.18267381656804732 0.5539473684210526 0.01335059171597634 0.04276315789473684
0 0.325314349112426 0.5581907894736843 0.0091346153846154 0.04190789473684206
0 0.39907544378698223 0.5538486842105264 0.008357988165680523 0.04256578947368424
3 0.5295488165680474 0.6537171052631578 0.00399408284023667 0.022697368421052633
3 0.5674556213017752 0.6533552631578947 0.003920118343195317 0.02250000000000003
3 0.6365384615384616 0.6487171052631578 0.004585798816568081 0.022171052631578904
0 0.7328217455621302 0.6624342105263159 0.005954142011834286 0.023421052631578964
0 0.7925850591715977 0.628092105263158 0.007285502958579815 0.030000000000000016
0 0.7970968934911242 0.702796052631579 0.008764792899408217 0.02598684210526316
