0 0.29325073964497045 0.7489144736842105 0.0035872781065088505 0.016776315789473684
0 0.2942492603550296 0.7658881578947369 0.004622781065088758 0.010723684210526286
0 0.36518121301775147 0.731842105263158 0.0027736686390532543 0.011052631578947338
0 0.4046597633136094 0.7562171052631578 0.0022928994082840404 0.01006578947368418
1 0.4029585798816568 0.7659868421052631 0.0023668639053253935 0.0063157894736841505
0 0.4057877218934911 0.6917434210526314 0.0035872781065088085 0.01756578947368424
0 0.4300480769230769 0.69 0.003143491124260355 0.01749999999999994
1 0.510576923076923 0.725328947368421 0.0030325443786982415 0.010263157894736783
1 0.5217270710059172 0.7249013157894736 0.002329881656804801 0.010328947368421083
0 0.6306952662721894 0.7060526315789474 0.004733727810650871 0.01881578947368415
