0 0.7853180473372781 0.67125 0.007766272189349112 0.016052631578947353
0 0.7851331360946746 0.640296052631579 0.008136094674556213 0.0373026315789474
0 0.7780510355029587 0.638092105263158 0.008468934911242638 0.03578947368421051
0 0.7556952662721894 0.6942105263157895 0.005621301775147945 0.007236842105263158
0 0.7257951183431953 0.6742763157894738 0.0076553254437869995 0.008552631578947444
0 0.7129437869822485 0.677171052631579 0.005695266272189383 0.02013157894736836
1 0.7482248520710059 0.6964473684210526 0.00436390532544377 0.015789473684210527
0 0.5167899408284023 0.7027302631578948 0.00399408284023667 0.005592105263157895
3 0.5078772189349112 0.7038157894736843 0.0025887573964497044 0.01499999999999997
3 0.5028476331360947 0.7043092105263159 0.0024408284023668303 0.014276315789473713
