0 0.5695081360946745 0.6108223684210526 0.011945266272189333 0.0430921052631579
3 0.721930473372781 0.45921052631578946 0.01656804733727809 0.031052631578947398
0 0.7017011834319526 0.47289473684210526 0.018047337278106493 0.050131578947368374
1 0.5009060650887573 0.6603947368421053 0.0076553254437869995 0.01934210526315788
0 0.49454511834319526 0.6609210526315789 0.004178994082840304 0.020131578947368434
1 0.4130917159763314 0.569342105263158 0.01220414201183432 0.01671052631578946
1 0.4002034023668639 0.5706578947368421 0.007359467455621251 0.03526315789473686
0 0.29595044378698226 0.4008223684210526 0.027847633136094656 0.11243421052631584
0 0.2512758875739645 0.391875 0.04389792899408281 0.05151315789473681
1 0.26327662721893497 0.6613157894736842 0.006434911242603542 0.02368421052631579
0 0.029770710059171597 0.6276315789473684 0.023520710059171595 0.06539473684210532
