0 0.019175295857988165 0.3394736842105263 0.02999260355029586 0.10842105263157892
0 0.07194896449704143 0.3347368421052631 0.04515532544378698 0.05263157894736838
0 0.11427514792899408 0.3520723684210526 0.02566568047337277 0.10493421052631578
0 0.9187130177514792 0.4738815789473684 0.014940828402366898 0.04131578947368426
0 0.9132766272189349 0.477828947368421 0.011094674556213017 0.020921052631578993
0 0.8946190828402367 0.48713815789473686 0.014016272189349145 0.03940789473684209
0 0.8905325443786982 0.5785855263157895 0.011464497041420118 0.031118421052631625
1 0.6736501479289941 0.6376644736842105 0.004696745562130194 0.015197368421052572
1 0.49765162721893497 0.5822697368421053 0.005880177514792849 0.028486842105263203
0 0.5085798816568047 0.5791447368421052 0.008949704142011851 0.01065789473684206
0 0.06314718934911243 0.7047368421052632 0.003957100591715972 0.015526315789473624
1 0.05695266272189349 0.7037828947368421 0.00362426035502959 0.014276315789473564
0 0.8743343195266271 0.6132236842105263 0.00599112426035513 0.03342105263157892
