0 0.12120931952662722 0.682171052631579 0.004696745562130194 0.018552631578947397
0 0.12847633136094674 0.6814473684210528 0.004659763313609455 0.017894736842105293
0 0.3252773668639053 0.61375 0.0069156804733727555 0.03355263157894737
0 0.34166050295857986 0.6112171052631579 0.011501479289940837 0.014802631578947368
0 0.3527551775147929 0.6135197368421053 0.006028106508875723 0.03335526315789469
0 0.6962832840236687 0.5928947368421053 0.006989644970414235 0.021052631578947368
0 0.6896819526627219 0.5962171052631579 0.006730769230769248 0.021644736842105324
1 0.5875369822485207 0.6694736842105263 0.0025887573964497044 0.01000000000000003
1 0.19437869822485204 0.7274671052631579 0.006434911242603542 0.013223684210526256
3 0.47764423076923074 0.645296052631579 0.004105029585798783 0.006381578947368451
