0 0.36120562130177514 0.18654605263157892 0.04770710059171598 0.06493421052631579
0 0.4310465976331362 0.21592105263157893 0.029105029585798834 0.1286842105263158
1 0.7072670118343195 0.5321052631578947 0.02259615384615381 0.07026315789473689
0 0.29352810650887573 0.5142434210526317 0.014571005917159754 0.05980263157894735
0 0.5040865384615384 0.6621381578947368 0.005362426035502958 0.017434210526315788
3 0.6067862426035503 0.6429605263157895 0.005214497041420085 0.019210526315789428
0 0.8988720414201185 0.5614473684210527 0.012980769230769197 0.041052631578947354
0 0.8728920118343196 0.40453947368421056 0.015902366863905327 0.018684210526315775
3 0.4356323964497041 0.5854605263157895 0.007137573964497024 0.032763157894736814
0 0.4519045857988166 0.5867763157894738 0.010539940828402367 0.016052631578947353
