1 0.9192862426035503 0.4730263157894737 0.016752958579881724 0.04907894736842099
0 0.913646449704142 0.47773026315789474 0.010133136094674422 0.023486842105263188
0 0.8954326923076923 0.48644736842105263 0.016013313609467523 0.04618421052631582
0 0.8913461538461538 0.5774342105263158 0.012426035502958547 0.03368421052631575
3 0.673909023668639 0.6376973684210526 0.004548816568047405 0.015921052631578902
0 0.02037721893491124 0.3391118421052632 0.03143491124260355 0.10875000000000001
0 0.07322485207100592 0.33539473684210525 0.04726331360946745 0.05250000000000005
0 0.11503328402366862 0.3516447368421053 0.027255917159763308 0.10539473684210529
1 0.05669378698224852 0.7041776315789473 0.00458579881656805 0.014013157894736812
0 0.06281434911242605 0.7049013157894737 0.004474852071005915 0.013092105263157955
3 0.4974112426035503 0.5825986842105263 0.005769230769230736 0.02993421052631579
