0 0.6425850591715977 0.669375 0.004548816568047321 0.018486842105263173
0 0.7021634615384615 0.6473355263157895 0.008912721893491175 0.026644736842105263
0 0.700887573964497 0.607796052631579 0.007470414201183449 0.03914473684210526
0 0.4853920118343195 0.6839473684210525 0.004881656804733661 0.02118421052631582
0 0.48657544378698225 0.6560197368421053 0.0070266272189349116 0.02901315789473686
0 0.7409763313609468 0.6829605263157894 0.0034763313609466953 0.011578947368421142
0 0.7449334319526627 0.6830263157894737 0.003920118343195233 0.011447368421052692
0 0.7453402366863906 0.6643421052631578 0.003772189349112443 0.017500000000000016
3 0.7416235207100591 0.6646052631578948 0.0036612426035502453 0.019868421052631535
3 0.8877218934911243 0.6595065789473684 0.006213017751479357 0.014671052631578993
3 0.8877218934911243 0.6380263157894737 0.004881656804733661 0.02078947368421054
