0 0.12287352071005918 0.6020723684210526 0.00610207100591716 0.022828947368421084
0 0.14767011834319524 0.6681907894736843 0.004733727810650892 0.022039473684210602
1 0.1404585798816568 0.6659868421052632 0.006065088757396441 0.02407894736842099
0 0.11442307692307692 0.5984539473684211 0.005399408284023656 0.02124999999999997
1 0.46449704142011833 0.6264473684210526 0.0038461538461538798 0.018815789473684227
3 0.4725961538461539 0.6267105263157895 0.005029585798816618 0.019868421052631608
0 0.9096153846153846 0.5632894736842106 0.011020710059171665 0.058815789473684196
0 0.9121486686390532 0.6223026315789474 0.010022189349112393 0.036973684210526346
0 0.8537906804733728 0.5795394736842105 0.009504437869822418 0.04947368421052634
0 0.8460428994082839 0.5153947368421053 0.008505917159763314 0.029868421052631565
0 0.8336353550295859 0.5180592105263159 0.008764792899408217 0.034276315789473696
