0 0.5214312130177514 0.6714144736842105 0.0035872781065088926 0.01440789473684209
0 0.5166235207100592 0.6487828947368421 0.004252958579881657 0.019013157894736826
3 0.4824704142011834 0.6652302631578947 0.0030325443786982415 0.015328947368421022
0 0.47964127218934915 0.6784868421052631 0.0026257396449703807 0.009605263157894678
3 0.4591900887573965 0.6182565789473684 0.003143491124260355 0.014802631578947368
0 0.4504437869822485 0.6192105263157895 0.005621301775147862 0.007236842105263158
3 0.44193786982248523 0.6182565789473684 0.0033284023668639054 0.014671052631578918
0 0.3691568047337278 0.5914802631578947 0.004363905325443812 0.020855263157894693
0 0.3557877218934911 0.5926315789473684 0.008838757396449695 0.01118421052631579
0 0.33940458579881655 0.591875 0.004844674556212984 0.020197368421052662
0 0.3075813609467456 0.6768092105263158 0.005917159763313609 0.01559210526315785
3 0.3254252958579882 0.678125 0.002995562130177523 0.010460526315789533
0 0.3292529585798816 0.6772697368421053 0.0032544378698225102 0.011513157894736841
