0 0.09680103550295859 0.3489144736842105 0.02318786982248521 0.06888157894736845
0 0.22377958579881654 0.35667763157894733 0.017233727810650894 0.0694078947368421
0 0.35159023668639056 0.3654276315789474 0.015754437869822495 0.06677631578947373
3 0.48125000000000007 0.6106907894736842 0.003254437869822468 0.019276315789473655
3 0.5187315088757397 0.6110197368421053 0.0035133136094674558 0.019013157894736902
3 0.5508875739644971 0.6113815789473684 0.0033284023668639054 0.019210526315789428
3 0.6404585798816568 0.6747697368421053 0.003550295857988132 0.01940789473684218
0 0.8492233727810652 0.6523684210526315 0.004807692307692308 0.01421052631578949
0 0.8531434911242604 0.6677960526315789 0.0033284023668639054 0.011513157894736841
0 0.8483912721893492 0.6676973684210527 0.00403106508875743 0.010394736842105233
