0 0.015273668639053254 0.4444407894736842 0.01900887573964497 0.04914473684210522
0 0.11706730769230769 0.5784868421052631 0.010392011834319535 0.04065789473684215
1 0.10306952662721892 0.6410526315789474 0.009467455621301784 0.048289473684210514
1 0.660521449704142 0.6201315789473685 0.007211538461538462 0.0435526315789474
0 0.6514607988165682 0.6166776315789474 0.006545857988165697 0.03638157894736839
0 0.8888868343195266 0.3694407894736842 0.01793639053254438 0.05638157894736837
0 0.8330066568047336 0.3491776315789474 0.02015532544378698 0.07861842105263157
1 0.8426590236686391 0.5295065789473684 0.022004437869822487 0.09282894736842107
0 0.4494822485207101 0.6286842105263158 0.008949704142011851 0.040921052631578976
1 0.44153106508875745 0.5458552631578948 0.007988165680473423 0.03921052631578949
