0 0.26200073964497045 0.6063486842105263 0.0075073964497041675 0.023355263157894737
0 0.27468565088757396 0.6625986842105263 0.00610207100591716 0.020592105263157866
0 0.27366863905325445 0.6824013157894737 0.005103550295857971 0.014013157894736962
0 0.2304733727810651 0.6583223684210527 0.00687869822485208 0.02309210526315791
0 0.22875369822485206 0.6116776315789474 0.006249999999999992 0.029013157894736782
0 0.3448039940828402 0.5475657894736842 0.008173076923076932 0.034736842105263205
1 0.5077292899408284 0.6535855263157895 0.004585798816567997 0.019671052631578933
1 0.5089866863905326 0.676611842105263 0.004511834319526644 0.016644736842105233
0 0.5044193786982248 0.6768749999999999 0.0033653846153845817 0.013749999999999984
1 0.44659763313609463 0.6166776315789473 0.00399408284023667 0.019802631578947384
1 0.32764423076923077 0.6823355263157895 0.004326923076923052 0.014934210526315819
