0 0.7843380177514794 0.5859210526315789 0.011057692307692341 0.03249999999999999
0 0.7486501479289941 0.5420723684210527 0.008394970414201201 0.03125
0 0.06874999999999999 0.6146381578947369 0.01982248520710059 0.045328947368421114
0 0.06860207100591716 0.5387828947368422 0.01826923076923076 0.06269736842105268
0 0.19698594674556213 0.5652631578947369 0.0091346153846154 0.03618421052631579
0 0.27753328402366867 0.42664473684210524 0.012980769230769238 0.05947368421052637
0 0.22283653846153845 0.643453947368421 0.007803254437869831 0.026249999999999985
0 0.22200443786982246 0.67 0.006952662721893516 0.02394736842105254
1 0.29426775147928996 0.6722697368421052 0.004437869822485207 0.02072368421052624
1 0.4526997041420118 0.5846052631578947 0.005695266272189299 0.025657894736842105
1 0.533801775147929 0.6320723684210526 0.004881656804733745 0.025592105263157954
1 0.534633875739645 0.6630263157894737 0.006767751479289924 0.017631578947368467
0 0.5289755917159763 0.6636842105263158 0.004326923076923094 0.017763157894736842
