0 0.2694711538461539 0.4066447368421053 0.024075443786982256 0.032105263157894706
0 0.3218380177514793 0.40486842105263154 0.016457100591715977 0.05855263157894737
0 0.32272559171597637 0.5897697368421053 0.008912721893491132 0.03296052631578949
0 0.322189349112426 0.6423026315789473 0.0059911242603550045 0.01644736842105263
0 0.7794748520710059 0.5618092105263158 0.009837278106508841 0.03572368421052636
0 0.7800480769230769 0.6006578947368421 0.010539940828402367 0.03565789473684214
0 0.7057692307692308 0.6315131578947369 0.007248520710059222 0.029868421052631565
0 0.6324334319526627 0.562203947368421 0.010355029585798817 0.013486842105263158
0 0.6133875739644971 0.5595394736842105 0.004733727810650871 0.026842105263157865
0 0.1108542899408284 0.5554605263157895 0.01601331360946744 0.06565789473684215
0 0.31897189349112426 0.6156578947368421 0.009541420118343179 0.01644736842105263
0 0.7830251479289941 0.632796052631579 0.011316568047337244 0.018223684210526347
