3 0.20321745562130178 0.6171052631578947 0.006730769230769248 0.030394736842105294
3 0.21449704142011836 0.6162500000000001 0.006508875739644936 0.03052631578947367
1 0.24881656804733726 0.7124013157894736 0.004511834319526602 0.01638157894736833
3 0.32383505917159766 0.7039802631578947 0.0037352071005917246 0.021776315789473623
0 0.40321745562130185 0.6354934210526316 0.006952662721893474 0.024802631578947323
0 0.5130917159763314 0.5793421052631579 0.008431952662721877 0.011842105263157895
0 0.5305843195266271 0.5766118421052632 0.0058431952662721725 0.02585526315789478
0 0.5442492603550296 0.5736513157894737 0.005732248520710059 0.02598684210526316
1 0.6706915680473373 0.5392105263157895 0.006989644970414235 0.030263157894736843
0 0.6838757396449704 0.5330921052631579 0.010059171597633153 0.013289473684210481
1 0.6408099112426036 0.4442105263157895 0.016013313609467523 0.057631578947368436
0 0.672965976331361 0.43312500000000004 0.01982248520710056 0.027960526315789474
0 0.761926775147929 0.5975657894736842 0.007581360946745562 0.017236842105263113
