0 0.32536982248520707 0.28325657894736844 0.01775147928994083 0.08453947368421053
0 0.029326923076923077 0.42914473684210525 0.02514792899408284 0.09342105263157895
0 0.03507766272189349 0.5607894736842105 0.01379437869822485 0.02644736842105266
0 0.032858727810650884 0.6002631578947368 0.008321005917159764 0.024210526315789443
1 0.02117233727810651 0.5952631578947368 0.00780325443786982 0.017105263157894738
1 0.3779215976331361 0.5420065789473685 0.005621301775147945 0.02717105263157892
1 0.4575258875739645 0.5999671052631579 0.004326923076923094 0.022171052631578904
1 0.4580066568047337 0.6272368421052631 0.004696745562130194 0.018289473684210498
0 0.5426405325443787 0.5057894736842105 0.008505917159763314 0.03434210526315785
0 0.5747226331360946 0.5579934210526316 0.008321005917159764 0.03809210526315788
0 0.5764607988165681 0.6075 0.007507396449704209 0.028026315789473698
