0 0.06348002958579882 0.8547697368421052 0.01867603550295858 0.04638157894736842
0 0.1602440828402367 0.5113815789473684 0.028698224852071016 0.09710526315789475
0 0.3058986686390533 0.8619407894736842 0.008173076923076932 0.0248026315789474
0 0.30576923076923074 0.8337828947368421 0.00761834319526628 0.025723684210526405
1 0.47278106508875745 0.8152960526315789 0.004881656804733745 0.02282894736842093
0 0.7651442307692307 0.7808223684210526 0.015199704142011801 0.04296052631578944
0 0.7580806213017751 0.722796052631579 0.016457100591715977 0.05730263157894746
1 0.5593010355029585 0.8841118421052631 0.005436390532544396 0.030592105263157896
0 0.5551775147928993 0.8804276315789473 0.00399408284023667 0.016644736842105382
1 0.5444711538461539 0.8616447368421052 0.005066568047337211 0.020921052631578917
