3 0.4674741124260356 0.6455592105263158 0.01083579881656803 0.05230263157894737
3 0.48951553254437874 0.6438815789473684 0.017492603550295843 0.028026315789473698
1 0.9436575443786981 0.5075328947368422 0.03332100591715973 0.0805921052631579
1 0.9071005917159763 0.5393092105263158 0.029733727810650923 0.034144736842105325
1 0.8819896449704142 0.5573355263157894 0.021893491124260287 0.07782894736842103
3 0.6725591715976331 0.7539473684210526 0.014571005917159712 0.037368421052631696
3 0.06808431952662723 0.7639144736842106 0.015310650887573966 0.04703947368421053
0 0.4303439349112426 0.8309868421052631 0.0036612426035502453 0.0050000000000000894
0 0.43468934911242607 0.8308223684210526 0.0023668639053253935 0.012039473684210496
3 0.44752218934911236 0.8455592105263158 0.00399408284023667 0.007039473684210406
