3 0.4834134615384616 0.7467105263157895 0.004252958579881657 0.02131578947368427
3 0.49190088757396444 0.745592105263158 0.003772189349112443 0.02381578947368424
0 0.5052884615384615 0.7425328947368421 0.007544378698224886 0.009802631578947278
0 0.7307877218934912 0.7264802631578947 0.006028106508875723 0.00993421052631573
0 0.7470414201183432 0.7236184210526316 0.004142011834319459 0.021578947368421024
0 0.7595229289940828 0.7216118421052631 0.0037352071005918503 0.02138157894736842
0 0.8836168639053255 0.6919407894736842 0.005695266272189383 0.02611842105263146
0 0.8964127218934912 0.6870723684210526 0.007766272189349112 0.010197368421052632
0 0.9133136094674555 0.6156578947368421 0.01220414201183432 0.04157894736842101
0 0.9395894970414201 0.6066118421052631 0.01490384615384622 0.018881578947368378
