0 0.2942492603550296 0.3349342105263158 0.043010355029585785 0.040657894736842115
0 0.34898298816568046 0.3481907894736842 0.025406804733727827 0.1104605263157895
0 0.09382396449704142 0.6814144736842105 0.01908284023668639 0.04217105263157889
0 0.11392381656804734 0.7781578947368423 0.011871301775147938 0.03236842105263161
3 0.27333579881656805 0.8264144736842106 0.007100591715976348 0.023223684210526285
0 0.8208949704142011 0.7572697368421052 0.007692307692307591 0.024407894736842045
0 0.6980954142011835 0.8132236842105263 0.004105029585798867 0.012894736842105353
3 0.7032544378698224 0.8124671052631579 0.004733727810650871 0.014407894736842165
0 0.5380917159763313 0.7651315789473684 0.007248520710059138 0.006842105263157955
3 0.529215976331361 0.7668092105263158 0.0043639053254438545 0.024407894736842045
