0 0.5218565088757396 0.894375 0.008949704142011851 0.019671052631579006
0 0.5192492603550296 0.8645065789473684 0.005140532544378732 0.026644736842105263
3 0.4813609467455621 0.9074671052631579 0.0070266272189349116 0.010197368421052632
0 0.4825258875739645 0.8896052631578948 0.0035872781065088085 0.018157894736842047
0 0.47132026627218926 0.863125 0.0034393491124260185 0.019407894736842107
3 0.4265162721893491 0.8507565789473684 0.003920118343195233 0.017171052631579038
3 0.3050665680473373 0.8868421052631579 0.004437869822485207 0.02013157894736836
3 0.30576923076923074 0.9057236842105263 0.006508875739644979 0.014868421052631519
0 0.3016826923076923 0.7541447368421054 0.010022189349112393 0.036052631578947336
0 0.15706360946745565 0.8312171052631577 0.007840236686390528 0.03861842105263161
