0 0.16002218934911244 0.3933552631578947 0.018786982248520715 0.07381578947368424
0 0.2589866863905325 0.3872697368421053 0.01789940828402366 0.0775657894736842
0 0.18422707100591715 0.5394736842105263 0.008690828402366863 0.033026315789473716
0 0.20785872781065087 0.5446710526315789 0.007877218934911268 0.030263157894736843
3 0.22272559171597633 0.6221052631578947 0.005214497041420085 0.014342105263157864
1 0.47045118343195264 0.5580263157894737 0.005917159763313609 0.025657894736842105
3 0.5005917159763313 0.559375 0.005991124260355046 0.02532894736842105
0 0.6698779585798816 0.5280263157894737 0.0080251479289941 0.03249999999999999
0 0.6797152366863906 0.5238486842105263 0.009430473372781065 0.03401315789473687
0 0.2731323964497041 0.6242434210526316 0.004031065088757388 0.013486842105263158
