0 0.5673076923076923 0.6420723684210526 0.0049556213017751816 0.020460526315789488
0 0.48977440828402363 0.5800986842105263 0.004918639053254421 0.025460526315789503
0 0.4838942307692307 0.5851973684210526 0.004548816568047321 0.023289473684210586
0 0.4783099112426035 0.589078947368421 0.004992603550295858 0.021842105263157923
3 0.4330991124260355 0.6422039473684211 0.004807692307692308 0.021118421052631595
3 0.445414201183432 0.6638157894736842 0.004142011834319543 0.010526315789473684
3 0.3590236686390532 0.6155592105263158 0.004733727810650913 0.02006578947368421
3 0.3370007396449704 0.6173026315789474 0.005806213017751496 0.021710526315789475
3 0.3100221893491124 0.6185197368421053 0.0051035502958580135 0.020855263157894766
0 0.35478920118343193 0.6418092105263158 0.004326923076923094 0.01822368421052627
