0 0.12598002958579882 0.41108552631578943 0.017270710059171593 0.07769736842105264
0 0.21960059171597632 0.3916118421052632 0.018047337278106534 0.07861842105263157
1 0.2125739644970414 0.6636184210526316 0.0053994082840236775 0.01657894736842101
0 0.2623520710059172 0.5703618421052632 0.0073964497041420114 0.036513157894736845
0 0.2834874260355029 0.5763815789473684 0.006767751479289966 0.034210526315789476
0 0.3020525147928994 0.5829605263157895 0.006250000000000033 0.03236842105263161
1 0.5983727810650887 0.5720394736842105 0.0067307692307691635 0.03236842105263161
1 0.6335983727810651 0.5703947368421053 0.006915680473372714 0.03263157894736836
0 0.7768306213017753 0.48496710526315795 0.011353550295858088 0.05467105263157896
0 0.7996671597633137 0.46480263157894736 0.013831360946745596 0.06131578947368424
0 0.8266826923076923 0.44171052631578955 0.016013313609467523 0.06881578947368422
3 0.8621856508875739 0.5638486842105263 0.01764053254437863 0.05453947368421051
1 0.8391826923076924 0.6377631578947369 0.007211538461538462 0.020131578947368434
