1 0.6371116863905325 0.5733223684210527 0.016013313609467523 0.0467763157894737
0 0.6453957100591716 0.5238157894736842 0.007951183431952663 0.03565789473684206
0 0.61198224852071 0.520921052631579 0.007174556213017785 0.03723684210526317
3 0.43189718934911236 0.5066447368421053 0.011353550295858005 0.04592105263157892
1 0.36495931952662725 0.5002302631578947 0.01201923076923077 0.045986842105263145
3 0.4374075443786982 0.6166776315789473 0.006028106508875807 0.012565789473684226
1 0.4125369822485207 0.6096381578947369 0.0046597633136094335 0.008881578947368421
0 0.3446005917159763 0.6100986842105264 0.0042159763313609384 0.01611842105263158
0 0.322189349112426 0.6123355263157895 0.004437869822485207 0.01756578947368424
1 0.24082840236686393 0.6125986842105263 0.006065088757396441 0.02414473684210529
1 0.21902736686390534 0.6115131578947368 0.005880177514792933 0.02263157894736848
0 0.2198594674556213 0.5314144736842106 0.010872781065088792 0.04151315789473678
0 0.13082470414201183 0.5366447368421053 0.012241124260355039 0.043815789473684225
