0 0.22579511834319524 0.5389802631578947 0.00706360946745563 0.030986842105263097
0 0.17342825443786983 0.5379605263157895 0.008247041420118348 0.03078947368421057
0 0.05717455621301775 0.5528618421052631 0.005843195266272193 0.02651315789473681
1 0.08152736686390533 0.5604934210526316 0.006028106508875733 0.02572368421052633
1 0.44569156804733734 0.6242105263157894 0.005288461538461521 0.01947368421052633
3 0.4566198224852071 0.6254934210526316 0.008653846153846187 0.013486842105263158
3 0.46586538461538457 0.6264473684210526 0.006360946745562147 0.018947368421052678
1 0.5644045857988166 0.6622697368421053 0.004105029585798867 0.008618421052631595
0 0.7346153846153847 0.5723355263157895 0.005621301775147945 0.024934210526315774
1 0.7467825443786982 0.572171052631579 0.008653846153846187 0.015921052631578902
1 0.7553994082840236 0.568453947368421 0.0070266272189349116 0.02559210526315788
1 0.7708949704142012 0.6386184210526316 0.008357988165680608 0.02671052631578949
