0 0.22124630177514792 0.5678947368421053 0.010613905325443804 0.012105263157894721
0 0.2418269230769231 0.5677631578947369 0.006139053254437878 0.030394736842105294
1 0.2427514792899408 0.6096052631578948 0.004807692307692308 0.021578947368421024
0 0.2384430473372781 0.6087828947368421 0.002995562130177481 0.022828947368421084
1 0.24607988165680472 0.6121052631578948 0.008136094674556213 0.014868421052631593
1 0.18544748520710058 0.650625 0.004252958579881657 0.012434210526315775
0 0.4311205621301775 0.6143749999999999 0.0036612426035503294 0.01782894736842107
3 0.44193786982248523 0.6144078947368422 0.00872781065088754 0.013552631578947384
3 0.45177514792899404 0.6145065789473684 0.005917159763313609 0.017960526315789517
3 0.49600591715976333 0.6528618421052631 0.005917159763313609 0.01059210526315791
