0 0.050850591715976334 0.5933552631578948 0.021597633136094672 0.075
0 0.1653846153846154 0.5852631578947368 0.01967455621301775 0.075
0 0.2982433431952663 0.5758552631578947 0.017788461538461548 0.07342105263157896
1 0.49606139053254433 0.7238486842105263 0.004844674556213068 0.020855263157894616
1 0.5299001479289941 0.7192105263157893 0.005066568047337295 0.020921052631578917
3 0.5590976331360946 0.7148684210526315 0.005399408284023635 0.02131578947368412
0 0.10804363905325443 0.7460526315789474 0.009282544378698212 0.02644736842105251
0 0.1372041420118343 0.7501315789473683 0.006730769230769248 0.025526315789473654
0 0.15737795857988165 0.7521710526315789 0.007359467455621293 0.023289473684210586
1 0.3157544378698225 0.7972368421052631 0.0031804733727810734 0.008947368421052572
