0 0.7230769230769231 0.7223355263157895 0.00798816568047334 0.02888157894736848
3 0.7211168639053255 0.7537171052631579 0.005325443786982198 0.016776315789473684
0 0.6987980769230769 0.6032565789473685 0.009726331360946729 0.04414473684210528
0 0.6890902366863905 0.6131578947368421 0.009023668639053288 0.0435526315789474
3 0.5624815088757396 0.6874013157894736 0.007507396449704125 0.03230263157894746
3 0.5399038461538462 0.6870065789473684 0.006656804733727811 0.030460526315789518
0 0.38298816568047334 0.418453947368421 0.0224852071005917 0.10006578947368422
0 0.24724482248520707 0.4241447368421053 0.026442307692307692 0.10381578947368425
0 0.31982248520710055 0.7721710526315788 0.004511834319526602 0.019210526315789504
0 0.3116863905325444 0.6794407894736842 0.007174556213017743 0.03546052631578953
0 0.29770710059171596 0.6711842105263158 0.007766272189349112 0.038157894736842106
