0 0.23524408284023665 0.3036513157894737 0.018639053254437862 0.09203947368421052
0 0.01507026627218935 0.3115131578947368 0.02326183431952663 0.08947368421052632
1 0.17230029585798814 0.6206907894736843 0.006730769230769227 0.022565789473684254
0 0.23015902366863902 0.5097368421052632 0.009282544378698233 0.0405263157894737
3 0.26828772189349115 0.5285526315789474 0.008173076923076932 0.03894736842105266
1 0.5923816568047338 0.5286184210526316 0.00821005917159765 0.03500000000000003
1 0.6559171597633136 0.5266776315789473 0.00821005917159765 0.03506578947368426
1 0.9226331360946747 0.41453947368421057 0.015606508875739746 0.0625
1 0.8217640532544379 0.6035855263157895 0.007655325443787083 0.02440789473684212
0 0.6739829881656804 0.6167434210526316 0.005658284023668622 0.019934210526315835
