2 0.40536242603550293 0.5731250000000001 0.004585798816567997 0.02559210526315788
1 0.43720414201183433 0.5723684210526315 0.0049556213017751816 0.025526315789473654
1 0.4686390532544379 0.5709868421052632 0.004437869822485207 0.02460526315789472
0 0.01312869822485207 0.428421052631579 0.015976331360946748 0.07657894736842104
0 0.11575443786982248 0.4238486842105263 0.015976331360946762 0.07611842105263161
0 0.07951183431952663 0.548782894736842 0.010355029585798817 0.04111842105263158
0 0.10852440828402368 0.5568421052631579 0.00802514792899408 0.03736842105263155
0 0.13657544378698225 0.5654276315789474 0.008357988165680482 0.03414473684210525
1 0.6693971893491125 0.48644736842105263 0.008616863905325426 0.040921052631578976
1 0.6947115384615384 0.4716118421052632 0.009467455621301742 0.04493421052631576
1 0.7239644970414201 0.45611842105263156 0.010355029585798817 0.046578947368421095
