3 0.433284023668639 0.5814802631578947 0.0040680473372781065 0.022302631578947355
1 0.4597818047337278 0.5793750000000001 0.00403106508875743 0.0217763157894737
1 0.4864829881656805 0.5781578947368421 0.0036612426035503294 0.021052631578947368
0 0.6575443786982249 0.5083881578947368 0.007322485207100659 0.0373026315789474
0 0.6415680473372781 0.5168092105263158 0.006508875739644936 0.03309210526315794
0 0.1215421597633136 0.5108223684210527 0.008321005917159764 0.04822368421052636
0 0.18718565088757397 0.5054934210526316 0.008321005917159764 0.04848684210526319
0 0.25153476331360947 0.5014802631578947 0.009800295857988165 0.0501973684210526
0 0.18489275147928996 0.5694736842105264 0.006176035502958576 0.030921052631578946
0 0.20390162721893493 0.5744736842105264 0.005806213017751496 0.02815789473684215
0 0.22120931952662726 0.5803289473684211 0.005214497041420127 0.02486842105263155
