3 0.167030325443787 0.676513157894737 0.012536982248520723 0.05802631578947372
1 0.4891642011834319 0.7007894736842105 0.007100591715976348 0.040394736842105324
1 0.5297152366863905 0.6989473684210527 0.008690828402366863 0.042105263157894736
1 0.515366124260355 0.7861184210526316 0.003291420118343229 0.006973684210526405
2 0.5118897928994083 0.7852631578947368 0.0025517751479289435 0.007631578947368511
3 0.5209319526627219 0.8480921052631578 0.0031065088757395946 0.0067105263157895036
3 0.5271449704142012 0.8489144736842105 0.002736686390532494 0.0054605263157894435
3 0.5284208579881656 0.8440460526315788 0.0030695266272189182 0.004407894736842135
1 0.8592640532544378 0.6450657894736842 0.03457840236686391 0.10171052631578942
3 0.8369082840236687 0.528092105263158 0.023076923076922943 0.07960526315789473
3 0.8194896449704141 0.5715789473684211 0.01982248520710056 0.06960526315789478
0 0.3287906804733728 0.17717105263157895 0.045968934911242626 0.16026315789473686
0 0.13594674556213018 0.16907894736842105 0.05650887573964498 0.17381578947368423
1 0.19591346153846154 0.8174999999999999 0.007951183431952663 0.024210526315789443
1 0.8050850591715976 0.7893749999999999 0.008468934911242638 0.03164473684210535
1 0.37923446745562134 0.8207894736842105 0.006250000000000033 0.015789473684210527
3 0.476664201183432 0.8567105263157895 0.0023668639053253935 0.0059210526315789476
