1 0.5728180473372781 0.8065131578947369 0.0040680473372781065 0.017763157894736842
1 0.5845044378698225 0.8063486842105264 0.0043639053254438545 0.016776315789473684
1 0.5962278106508875 0.8064473684210528 0.005473372781065072 0.015657894736842076
3 0.5794563609467456 0.8337171052631579 0.003291420118343145 0.006513157894736902
3 0.5826738165680473 0.8333552631578948 0.00225591715976328 0.006184210526315849
1 0.6199149408284024 0.8409868421052633 0.003883136094674556 0.008421052631578918
3 0.6705806213017751 0.8499013157894736 0.004105029585798783 0.011381578947368392
1 0.47991863905325444 0.8418092105263159 0.005399408284023635 0.010986842105263187
0 0.46227810650887574 0.7951315789473684 0.00421597633136098 0.022763157894736933
0 0.4807877218934911 0.7938815789473683 0.003883136094674556 0.020263157894736813
0 0.5021079881656804 0.7948355263157896 0.004142011834319543 0.020592105263157866
1 0.7117973372781066 0.8491447368421053 0.0033284023668639054 0.007894736842105263
