3 0.7068417159763314 0.8118092105263158 0.008136094674556213 0.026907894736842165
1 0.7550850591715976 0.8153618421052631 0.016457100591715977 0.028618421052631578
3 0.7526072485207101 0.7767763157894737 0.012389053254437954 0.028289473684210528
3 0.6298631656804734 0.780328947368421 0.008690828402366863 0.04105263157894728
1 0.4856508875739645 0.7426973684210527 0.005917159763313609 0.030789473684210495
1 0.5164755917159763 0.741546052631579 0.005288461538461521 0.03217105263157886
3 0.2701923076923077 0.8364144736842105 0.006582840236686374 0.019671052631578857
1 0.22769970414201185 0.7229605263157896 0.007988165680473381 0.038157894736842106
1 0.24981508875739644 0.7374013157894737 0.011686390532544345 0.04427631578947366
1 0.512241124260355 0.7957894736842105 0.0034763313609466953 0.007631578947368511
2 0.5093934911242604 0.7961842105263158 0.002144970414201167 0.007631578947368361
0 0.6974112426035504 0.7154605263157895 0.010428994082840254 0.033421052631579067
0 0.3313979289940828 0.5798355263157895 0.017011834319526627 0.07322368421052629
0 0.4103550295857988 0.5786842105263158 0.015088757396449687 0.07315789473684213
