0 0.1121671597633136 0.46654605263157894 0.018786982248520715 0.06414473684210527
0 0.14589497041420119 0.48763157894736847 0.01752958579881656 0.06236842105263162
1 0.5282729289940828 0.5425986842105263 0.010170118343195266 0.047171052631578975
1 0.562758875739645 0.5462828947368421 0.01124260355029589 0.04822368421052629
0 0.8733912721893492 0.3536184210526316 0.027255917159763245 0.10973684210526313
0 0.9203772189349112 0.30812500000000004 0.03284023668639043 0.12151315789473688
1 0.8115014792899409 0.6666447368421053 0.006213017751479189 0.024473684210526345
0 0.167603550295858 0.6432236842105263 0.00894970414201183 0.03078947368421057
0 0.2624815088757396 0.6486842105263158 0.008099112426035537 0.02381578947368424
0 0.6046967455621302 0.6647368421052632 0.007766272189349112 0.02592105263157886
