3 0.38696375739644967 0.6333223684210527 0.0037352071005917666 0.01782894736842107
3 0.3696005917159763 0.6341447368421053 0.004142011834319543 0.019736842105263157
0 0.35057322485207104 0.6326973684210526 0.005362426035502958 0.006578947368421052
3 0.33102810650887576 0.6337171052631579 0.004437869822485207 0.019539473684210558
0 0.44116124260355033 0.6308881578947368 0.0033284023668639054 0.017960526315789517
1 0.455103550295858 0.6778947368421053 0.003254437869822468 0.01263157894736845
0 0.5536797337278107 0.5866118421052632 0.012463017751479307 0.04848684210526319
0 0.6647744082840237 0.4986513157894737 0.010909763313609468 0.05532894736842107
1 0.7651257396449703 0.5644078947368422 0.005769230769230736 0.030000000000000016
0 0.7843934911242604 0.5550328947368421 0.005843195266272257 0.032039473684210555
3 0.805676775147929 0.5441118421052631 0.006915680473372882 0.03532894736842101
