1 0.4842085798816569 0.6350986842105263 0.00399408284023667 0.007960526315789489
0 0.4595044378698225 0.6285855263157895 0.0046597633136094335 0.016249999999999955
1 0.41409023668639056 0.6088157894736843 0.003476331360946779 0.016052631578947353
1 0.3754252958579882 0.6139144736842106 0.004992603550295858 0.01782894736842107
0 0.1819896449704142 0.6080921052631578 0.005103550295857993 0.023947368421052617
0 0.2329326923076923 0.6024999999999999 0.005732248520710059 0.024868421052631623
0 0.18258136094674557 0.6315460526315789 0.0042159763313609384 0.018881578947368378
0 0.19580251479289942 0.6333881578947368 0.004622781065088758 0.01625000000000003
1 0.1448224852071006 0.6818092105263157 0.004363905325443791 0.01111842105263149
0 0.05375369822485207 0.6844736842105263 0.004918639053254442 0.017368421052631488
