0 0.9482248520710059 0.559671052631579 0.009615384615384616 0.03855263157894738
1 0.8735207100591716 0.5262171052631579 0.018195266272189283 0.05493421052631579
0 0.7488350591715977 0.46059210526315786 0.012463017751479307 0.04960526315789472
0 0.7185281065088758 0.4913815789473684 0.008875739644970414 0.03960526315789477
0 0.03925665680473373 0.45858552631578947 0.011427514792899406 0.06019736842105263
0 0.19238165680473374 0.4533223684210526 0.01220414201183434 0.05809210526315794
3 0.15011094674556213 0.654342105263158 0.005103550295857993 0.02118421052631582
0 0.1988165680473373 0.5634539473684211 0.006656804733727811 0.03230263157894738
0 0.2328032544378698 0.5752302631578947 0.0073964497041420114 0.030460526315789445
1 0.5143860946745562 0.5679276315789473 0.005547337278106509 0.027828947368421023
3 0.5682137573964497 0.5659539473684211 0.005214497041420085 0.026644736842105263
0 0.7049371301775148 0.625328947368421 0.004992603550295858 0.019210526315789504
0 0.5932692307692307 0.6366447368421053 0.00399408284023667 0.013552631578947384
