1 0.7351701183431953 0.66875 0.005399408284023719 0.01302631578947373
0 0.7136649408284024 0.6283552631578947 0.0035133136094674558 0.01421052631578949
3 0.6605769230769231 0.6305263157894737 0.0049556213017751816 0.016184210526315804
1 0.6465976331360948 0.6288157894736842 0.004659763313609518 0.015789473684210527
0 0.6309541420118343 0.6294407894736842 0.003920118343195317 0.0058552631578947965
1 0.6163276627218934 0.6289144736842106 0.0036612426035503294 0.01585526315789475
1 0.4350591715976332 0.6834868421052632 0.004585798816567997 0.010789473684210437
0 0.3037906804733728 0.6390789473684211 0.003143491124260355 0.016842105263157908
3 0.255417899408284 0.6898355263157895 0.004326923076923094 0.009802631578947429
3 0.05589866863905325 0.6839473684210525 0.005806213017751475 0.01750000000000009
0 0.04789201183431953 0.6819078947368421 0.006656804733727811 0.012894736842105204
