0 0.030251479289940826 0.6161513157894737 0.00458579881656805 0.01822368421052627
1 0.08259985207100591 0.6045723684210527 0.007655325443786978 0.024802631578947323
1 0.17054363905325443 0.6220065789473684 0.0037352071005917033 0.011644736842105218
0 0.16801035502958578 0.5394078947368421 0.007692307692307696 0.0314473684210526
0 0.22548076923076923 0.5367434210526316 0.007322485207100617 0.03125
0 0.2165680473372781 0.566546052631579 0.004881656804733745 0.018618421052631548
0 0.23063979289940828 0.5706907894736842 0.004696745562130194 0.01822368421052627
3 0.41139053254437874 0.5698684210526316 0.005029585798816618 0.018684210526315775
1 0.445728550295858 0.5661184210526315 0.003883136094674556 0.016184210526315728
0 0.48128698224852073 0.534342105263158 0.00399408284023667 0.023026315789473683
0 0.476664201183432 0.5426644736842106 0.005029585798816618 0.020592105263157866
