0 0.3277736686390532 0.6364473684210527 0.007544378698224843 0.03236842105263161
0 0.2620747041420119 0.6379934210526316 0.007359467455621293 0.03177631578947365
0 0.17259615384615384 0.7101973684210526 0.009023668639053246 0.024342105263157894
1 0.22363165680473374 0.7262828947368419 0.005473372781065114 0.01361842105263161
1 0.5116494082840237 0.6628947368421052 0.005991124260354962 0.021315789473684194
1 0.47659023668639056 0.6594407894736841 0.005399408284023635 0.007960526315789489
0 0.2914386094674556 0.6722697368421052 0.0051405325443786894 0.019539473684210558
0 0.2835244082840237 0.6673355263157895 0.006693786982248529 0.02124999999999997
0 0.6001479289940829 0.688782894736842 0.005103550295857971 0.01993421052631576
0 0.6706545857988165 0.6901315789473684 0.005140532544378732 0.018157894736842047
