1 0.3831176035502959 0.6650986842105263 0.008321005917159764 0.03559210526315791
3 0.6380917159763314 0.6397368421052632 0.019156804733727793 0.06236842105263155
0 0.6870562130177514 0.5439473684210526 0.013831360946745596 0.05592105263157895
3 0.7250924556213018 0.5157565789473685 0.013424556213017734 0.06467105263157899
3 0.7567122781065089 0.4928289473684211 0.016826923076923076 0.06644736842105263
3 0.11015162721893491 0.6674342105263158 0.02437130177514794 0.07486842105263163
0 0.015865384615384618 0.6629934210526316 0.013535502958579882 0.04625000000000005
0 0.8547152366863906 0.6555921052631579 0.010465976331361013 0.043684210526315846
1 0.5063424556213018 0.7508552631578947 0.0055843195266272695 0.01749999999999994
1 0.027625739644970414 0.7871710526315789 0.0073964497041420114 0.020921052631579066
