1 0.7318417159763314 0.6016447368421053 0.01767751479289939 0.07999999999999995
1 0.7069156804733728 0.6074342105263157 0.021079881656804734 0.08052631578947367
0 0.08770340236686391 0.69125 0.015495562130177528 0.03789473684210528
1 0.10987426035502959 0.6946052631578948 0.018565088757396445 0.04223684210526319
0 0.9780325443786982 0.6540131578947369 0.015088757396449772 0.017894736842105293
1 0.9606508875739644 0.6636842105263158 0.01886094674556213 0.02013157894736836
0 0.9382026627218933 0.6728289473684211 0.020562130177514758 0.019736842105263157
1 0.4798816568047337 0.746842105263158 0.01272189349112421 0.004868421052631639
1 0.49870562130177515 0.7478947368421054 0.012500000000000067 0.004078947368421082
0 0.6901812130177515 0.7948355263157896 0.003143491124260355 0.007828947368420963
1 0.6957840236686391 0.7962171052631579 0.0028106508875740148 0.009671052631578827
0 0.11163091715976332 0.7288815789473685 0.00913461538461538 0.009605263157894827
0 0.10025887573964498 0.7263486842105263 0.010428994082840232 0.008486842105263218
0 0.06053994082840236 0.7159868421052633 0.014053254437869823 0.01236842105263155
0 0.04199334319526627 0.7100657894736844 0.013794378698224845 0.01263157894736845
