1 0.7318417159763314 0.6016447368421053 0.01767751479289939 0.07999999999999995
1 0.7069156804733728 0.6074342105263157 0.021079881656804734 0.08052631578947367
0 0.08770340236686391 0.69125 0.015495562130177528 0.03789473684210528
1 0.10987426035502959 0.6946052631578948 0.018565088757396445 0.04223684210526319
3 0.8199889053254438 0.7707894736842105 0.004178994082840304 0.007631578947368511
1 0.825665680473373 0.7697697368421054 0.00421597633136098 0.012039473684210496
0 0.9780325443786982 0.6540131578947369 0.015088757396449772 0.017894736842105293
1 0.9606508875739644 0.6636842105263158 0.01886094674556213 0.02013157894736836
0 0.9382026627218933 0.6728289473684211 0.020562130177514758 0.019736842105263157
1 0.4798816568047337 0.746842105263158 0.01272189349112421 0.004868421052631639
1 0.49870562130177515 0.7478947368421054 0.012500000000000067 0.004078947368421082
0 0.689848372781065 0.7957894736842105 0.0037352071005917666 0.0067105263157895036
0 0.6955621301775148 0.7957894736842105 0.0029585798816568047 0.008026315789473715
0 0.04203032544378699 0.7099999999999999 0.013794378698224856 0.011973684210526346
0 0.05961538461538461 0.7159868421052633 0.014349112426035497 0.01263157894736845
0 0.099426775147929 0.7261184210526316 0.010835798816568052 0.009605263157894678
