3 0.9474297337278108 0.7127302631578947 0.011797337278106543 0.03664473684210529
1 0.7563054733727811 0.7461184210526315 0.005658284023668538 0.020789473684210615
1 0.5282729289940828 0.7333881578947369 0.009208579881656838 0.005197368421052692
1 0.5541789940828402 0.6926315789473684 0.019674556213017683 0.010789473684210587
1 0.5788091715976331 0.6927631578947369 0.019156804733727793 0.010131578947368481
0 0.41225961538461536 0.7233552631578948 0.009948224852071039 0.03197368421052626
0 0.3969119822485207 0.7230921052631578 0.008986686390532612 0.033684210526315816
0 0.4087832840236686 0.6486513157894737 0.005880177514792849 0.03440789473684215
0 0.4266457100591716 0.7167763157894737 0.013794378698224835 0.007236842105263158
0 0.38328402366863906 0.7145065789473686 0.011612426035502908 0.009407894736842075
0 0.43409763313609473 0.7376644736842105 0.009689349112426053 0.007434210526315909
