0 0.05133136094674556 0.08404605263157895 0.10266272189349113 0.07796052631578948
0 0.269582100591716 0.5847697368421052 0.03746301775147932 0.10453947368421052
0 0.31875000000000003 0.5843092105263158 0.03380177514792899 0.09624999999999997
1 0.17875369822485207 0.7101644736842105 0.007211538461538462 0.025592105263157954
0 0.1865569526627219 0.7101315789473684 0.007507396449704146 0.023157894736842134
0 0.4847633136094675 0.6616118421052632 0.018786982248520694 0.014539473684210541
1 0.508542899408284 0.6642763157894737 0.017973372781065138 0.011842105263157895
0 0.9306213017751478 0.6813815789473685 0.024630177514792864 0.06592105263157891
0 0.9876849112426035 0.6050657894736843 0.024630177514792864 0.02763157894736842
1 0.6849667159763314 0.745592105263158 0.005658284023668622 0.013947368421052661
