1 0.8566937869822485 0.7786184210526316 0.005325443786982114 0.016184210526315728
1 0.5952662721893491 0.7684868421052631 0.004585798816567997 0.014605263157894767
0 0.5506471893491125 0.7217105263157895 0.004770710059171631 0.009473684210526375
1 0.5373150887573965 0.7199013157894737 0.012943786982248521 0.009671052631578827
2 0.5202477810650887 0.7187828947368421 0.013350591715976298 0.00993421052631573
1 0.3363350591715977 0.5519407894736842 0.034356508875739634 0.10848684210526315
0 0.24763313609467452 0.5425986842105263 0.026035502958579874 0.09546052631578941
0 0.4575258875739645 0.7632236842105262 0.00417899408284022 0.010394736842105233
0 0.44792899408284026 0.7643749999999999 0.0033284023668639054 0.010723684210526286
1 0.22707100591715976 0.7621052631578948 0.0030325443786982415 0.009473684210526226
1 0.9949704142011835 0.6795394736842106 0.006952662721893558 0.01263157894736845
