1 0.8955251479289941 0.7769407894736841 0.009615384615384616 0.022171052631578977
0 0.8825443786982249 0.7790131578947368 0.008875739644970414 0.01999999999999991
0 0.6381656804733727 0.7998355263157895 0.003920118343195317 0.014407894736842165
1 0.5485392011834319 0.7822368421052631 0.004178994082840304 0.023157894736841985
0 0.505103550295858 0.7395394736842105 0.005325443786982282 0.010394736842105233
1 0.49119822485207104 0.7388815789473684 0.013461538461538495 0.01118421052631579
1 0.47342825443786984 0.7374013157894737 0.014016272189349062 0.011381578947368392
0 0.39704142011834315 0.7825657894736842 0.004437869822485207 0.011578947368420993
0 0.405676775147929 0.7825657894736842 0.004770710059171631 0.012763157894736902
3 0.15491863905325443 0.7807565789473684 0.0033284023668639054 0.009144736842105324
