0 0.31784393491124263 0.5922368421052632 0.034948224852071004 0.10605263157894733
0 0.2685835798816568 0.5869407894736842 0.039755917159763315 0.10677631578947365
0 0.18666789940828402 0.7106250000000001 0.009356508875739628 0.02006578947368421
1 0.17836538461538462 0.7108223684210525 0.0070266272189349116 0.023223684210526285
0 0.9879807692307693 0.605953947368421 0.02403846153846154 0.03177631578947373
0 0.9357248520710059 0.6851973684210526 0.03520710059171608 0.06907894736842106
1 0.6845784023668638 0.748157894736842 0.005695266272189299 0.019605263157894706
0 0.6766272189349112 0.7492763157894737 0.008357988165680523 0.021710526315789475
1 0.508746301775148 0.6642105263157894 0.018971893491124242 0.01421052631578949
0 0.4847263313609468 0.6623026315789474 0.018713017751479256 0.015000000000000045
0 0.05086908284023669 0.08516447368421051 0.10173816568047338 0.07822368421052632
