0 0.43794378698224845 0.6601315789473685 0.01582840236686389 0.011578947368421067
0 0.4166420118343195 0.6595723684210526 0.016124260355029636 0.011644736842105218
0 0.3971708579881656 0.6438815789473684 0.020081360946745546 0.01381578947368421
0 0.3950443786982249 0.6586513157894737 0.016124260355029552 0.011381578947368392
3 0.35088757396449705 0.7298684210526316 0.004142011834319502 0.016710526315789384
1 0.5264423076923077 0.7000657894736841 0.010724852071005916 0.006447368421052602
3 0.538073224852071 0.7010197368421054 0.01009615384615383 0.006381578947368451
3 0.48339497041420115 0.7437171052631578 0.002514792899408267 0.004144736842105233
3 0.4784763313609468 0.733782894736842 0.002514792899408267 0.004144736842105233
3 0.4745562130177514 0.7337171052631579 0.002884615384615368 0.00374999999999988
