0 0.6531989644970414 0.775625 0.006397928994082908 0.015197368421052572
3 0.5308801775147929 0.7366118421052632 0.005029585798816534 0.02769736842105272
1 0.5232988165680473 0.7363815789473684 0.006065088757396483 0.028026315789473625
0 0.2655140532544379 0.7330921052631578 0.009430473372781065 0.0247368421052631
3 0.5301960059171598 0.7889802631578947 0.003143491124260355 0.007302631578947309
0 0.49511834319526626 0.7981907894736842 0.0025887573964497044 0.007039473684210406
0 0.43753698224852067 0.7684868421052631 0.00436390532544377 0.004736842105263188
3 0.4265717455621301 0.7678947368421053 0.0091346153846154 0.00499999999999994
1 0.4127958579881656 0.7663157894736842 0.009171597633136078 0.004868421052631639
0 0.1825628698224852 0.655625 0.020451183431952645 0.015197368421052647
