1 0.6540865384615385 0.765 0.009578402366863855 0.02894736842105263
1 0.24437869822485206 0.6163157894736842 0.032988165680473344 0.023947368421052617
1 0.2838757396449704 0.621578947368421 0.03150887573964499 0.02368421052631579
1 0.390939349112426 0.7296052631578948 0.009467455621301826 0.008289473684210466
1 0.3898298816568047 0.7430921052631579 0.009319526627218952 0.010131578947368481
1 0.3894230769230769 0.7536513157894736 0.008653846153846187 0.007565789473684211
1 0.3888313609467456 0.7668421052631579 0.007988165680473423 0.009605263157894827
0 0.1500739644970414 0.7054276315789474 0.00894970414201183 0.021513157894736724
0 0.12037721893491124 0.7025986842105263 0.008949704142011851 0.021776315789473623
0 0.08646449704142012 0.6991447368421051 0.00954142011834319 0.021842105263157923
0 0.057821745562130177 0.6965131578947369 0.00950443786982248 0.02236842105263158
0 0.024685650887573966 0.6933881578947368 0.010096153846153848 0.02401315789473684
