0 0.3911612426035503 0.6449013157894737 0.02573964497041421 0.07888157894736848
0 0.14990754437869824 0.2782236842105263 0.12059911242603549 0.065
1 0.22592455621301774 0.7531578947368422 0.006213017751479273 0.011052631578947338
1 0.23446745562130178 0.7555263157894737 0.005177514792899409 0.010131578947368332
1 0.7140717455621302 0.7843092105263159 0.004400887573964446 0.01388157894736851
0 0.683801775147929 0.7874342105263159 0.00451183431952656 0.013947368421052661
3 0.6084319526627219 0.7627302631578947 0.004733727810650871 0.020855263157894766
1 0.6129437869822486 0.7628289473684211 0.004289940828402418 0.020394736842105264
1 0.5703587278106509 0.7164473684210526 0.01031804733727814 0.010921052631578887
1 0.5525147928994083 0.7155263157894737 0.019378698224852105 0.01131578947368424
3 0.5319711538461538 0.7142763157894736 0.018971893491124242 0.01131578947368424
1 0.11756656804733727 0.6585197368421053 0.017825443786982243 0.016249999999999955
0 0.13356139053254437 0.661578947368421 0.015199704142011822 0.014473684210526316
