0 0.2152921597633136 0.7217434210526317 0.015273668639053238 0.026776315789473714
0 0.2431397928994083 0.7490131578947369 0.008099112426035495 0.023815789473684092
1 0.27183801775147926 0.7677631578947368 0.004031065088757388 0.007763157894736962
0 0.35412352071005915 0.6604934210526316 0.03221153846153847 0.018881578947368378
0 0.32098742603550295 0.6567763157894737 0.03258136094674557 0.020921052631578993
0 0.23936760355029585 0.6476973684210526 0.02688609467455623 0.02289473684210523
0 0.1847448224852071 0.6986184210526316 0.011575443786982274 0.010789473684210437
0 0.19785502958579881 0.7021052631578948 0.0031065088757396787 0.006184210526315849
0 0.19315828402366864 0.7021052631578948 0.00495562130177514 0.008157894736842164
1 0.5635539940828402 0.7903947368421054 0.002625739644970465 0.009868421052631578
0 0.5755917159763314 0.7722697368421052 0.006730769230769248 0.019539473684210558
1 0.49275147928994084 0.7723355263157895 0.007322485207100575 0.007828947368421112
1 0.4538276627218935 0.740953947368421 0.013794378698224835 0.008355263157894617
1 0.437758875739645 0.7399013157894737 0.013831360946745596 0.006907894736842105
