1 0.2409948224852071 0.7073355263157896 0.0087647928994083 0.015328947368421022
0 0.37548076923076923 0.5754276315789474 0.030399408284023686 0.022828947368421084
0 0.3345784023668639 0.5719078947368421 0.029142011834319553 0.021447368421052646
1 0.700776627218935 0.7554605263157894 0.005399408284023719 0.01644736842105263
0 0.6719119822485207 0.7427960526315789 0.011131656804733778 0.02598684210526316
3 0.7413646449704142 0.6810526315789474 0.008468934911242553 0.012763157894736902
0 0.733228550295858 0.6833223684210527 0.006767751479289924 0.008486842105263069
1 0.609633875739645 0.7543092105263159 0.005584319526627185 0.009013157894736872
0 0.6049001479289942 0.755625 0.0030695266272189182 0.010592105263157835
1 0.519582100591716 0.7015460526315789 0.011353550295858005 0.00861842105263167
0 0.5046967455621301 0.6987828947368422 0.010428994082840254 0.007565789473684211
