0 0.35011094674556215 0.6489473684210526 0.035133136094674555 0.020921052631578917
0 0.3096523668639053 0.643717105263158 0.03313609467455622 0.022171052631578904
0 0.22917899408284026 0.6346381578947369 0.031804733727810654 0.027434210526315818
0 0.21155695266272187 0.7494407894736843 0.010983727810650863 0.0248026315789474
3 0.22764423076923077 0.7780592105263159 0.008912721893491132 0.016776315789473684
0 0.5213572485207101 0.774078947368421 0.007211538461538462 0.019473684210526407
3 0.5112241124260355 0.7938486842105263 0.005732248520710059 0.014013157894736812
3 0.47135724852071015 0.7926973684210527 0.01046597633136093 0.014210526315789564
3 0.42940088757396444 0.7522697368421052 0.014201183431952612 0.012302631578947398
3 0.414275147928994 0.7516447368421053 0.013609467455621286 0.010394736842105384
