0 0.03755547337278106 0.24282894736842106 0.07511094674556212 0.0761842105263158
3 0.20441937869822485 0.7760855263157895 0.007433431952662688 0.020855263157894766
0 0.27298446745562127 0.7792105263157896 0.007211538461538462 0.01750000000000009
1 0.561039201183432 0.7174671052631578 0.01786242603550294 0.011776315789473744
3 0.5828772189349112 0.718421052631579 0.01974852071005912 0.012236842105263098
0 0.6582285502958579 0.7789144736842104 0.006323964497041471 0.017302631578947337
3 0.6870931952662722 0.7761842105263158 0.007618343195266323 0.019736842105263157
0 0.904419378698225 0.6319736842105262 0.020894970414201183 0.023947368421052617
0 0.8806767751479291 0.6448355263157894 0.019193786982248554 0.018223684210526347
0 0.8597078402366864 0.65375 0.016457100591715977 0.02421052631578952
