0 0.09726331360946745 0.657828947368421 0.013017751479289947 0.017105263157894738
0 0.11327662721893492 0.6628947368421052 0.015754437869822495 0.016184210526315804
0 0.1390532544378698 0.7246381578947368 0.009097633136094683 0.025723684210526256
1 0.1513128698224852 0.7440131578947369 0.006989644970414214 0.01763157894736839
0 0.3009245562130178 0.7639144736842106 0.005177514792899409 0.01374999999999991
0 0.2339681952662722 0.6836184210526315 0.022744082840236688 0.04447368421052641
0 0.3549741124260355 0.6030921052631579 0.043010355029585785 0.028421052631578902
0 0.30989275147928996 0.5970394736842105 0.04382396449704142 0.027368421052631518
0 0.2680103550295858 0.5914144736842105 0.03831360946745563 0.03203947368421048
1 0.6779031065088758 0.7860526315789474 0.004918639053254421 0.014605263157894767
0 0.7488905325443787 0.7130592105263157 0.014053254437869823 0.01651315789473693
0 0.7406065088757396 0.7166776315789473 0.011612426035502908 0.012565789473684301
1 0.5331176035502958 0.7241447368421051 0.01660502958579885 0.01131578947368424
1 0.5506841715976332 0.7260197368421052 0.016161242603550313 0.010460526315789533
2 0.5981508875739645 0.76875 0.009245562130177515 0.010921052631578887
