0 0.006749260355029586 0.6002631578947368 0.013498520710059171 0.025131578947368453
0 0.038812869822485205 0.6049013157894737 0.046190828402366865 0.022565789473684254
0 0.09813239644970415 0.6060855263157895 0.04715236686390534 0.022697368421052633
1 0.22087647928994084 0.7929276315789474 0.0033653846153845817 0.007565789473684211
0 0.19779955621301776 0.7943749999999998 0.003957100591715993 0.009671052631578978
0 0.7183247041420118 0.76 0.007285502958579899 0.02000000000000006
1 0.6370377218934912 0.7493421052631579 0.010613905325443804 0.046052631578947366
1 0.6208949704142012 0.7783223684210527 0.003624260355029569 0.014013157894736812
0 0.5897374260355029 0.7748684210526315 0.004622781065088758 0.023289473684210586
0 0.5963942307692308 0.7730263157894737 0.004326923076923094 0.02368421052631579
1 0.5121116863905325 0.7893092105263158 0.003291420118343229 0.01256578947368415
1 0.4794008875739645 0.7385526315789473 0.012943786982248521 0.008157894736842015
1 0.4623705621301775 0.7397697368421053 0.012610946745562096 0.007565789473684211
