0 0.6135355029585798 0.7075657894736842 0.008875739644970414 0.009473684210526375
0 0.6202107988165682 0.7061184210526316 0.008247041420118326 0.007631578947368361
1 0.5546782544378698 0.7696052631578947 0.0028476331360946915 0.011447368421052692
1 0.4580436390532544 0.7737828947368421 0.0027736686390532543 0.01598684210526313
1 0.4609467455621302 0.7737828947368421 0.0028106508875740148 0.015723684210526227
1 0.43376479289940834 0.7280263157894736 0.0068047337278106 0.0071052631578947065
1 0.4227255917159764 0.7281907894736841 0.012463017751479307 0.006776315789473655
1 0.4087463017751479 0.7288486842105263 0.012684911242603618 0.007171052631578858
0 0.29883505917159764 0.7503947368421052 0.007285502958579856 0.02631578947368421
0 0.28838757396449705 0.7509868421052631 0.006952662721893516 0.025921052631579008
1 0.09245562130177515 0.7786513157894737 0.0042159763313609384 0.014407894736842165
0 0.11945266272189349 0.649407894736842 0.03335798816568049 0.015394736842105248
0 0.08300665680473374 0.6495723684210526 0.03339497041420119 0.0157236842105263
0 0.04996301775147929 0.6493749999999999 0.01849112426035503 0.014934210526315744
