0 0.09890902366863905 0.05980263157894737 0.17548076923076922 0.11960526315789474
1 0.21331360946745562 0.753092105263158 0.009393491124260347 0.022105263157894676
1 0.559375 0.6990131578947368 0.02289201183431956 0.016710526315789533
1 0.5833210059171599 0.7029605263157894 0.0228550295857988 0.01644736842105263
1 0.6434541420118344 0.7897697368421053 0.006656804733727811 0.01638157894736848
1 0.648335798816568 0.7710526315789473 0.005917159763313609 0.0252631578947369
1 0.6535502958579882 0.7721381578947369 0.005325443786982282 0.024539473684210496
0 0.9465976331360948 0.659078947368421 0.029068047337278073 0.02947368421052636
0 0.9171042899408285 0.6683552631578947 0.031102071005917126 0.02842105263157898
1 0.7766087278106508 0.7844736842105263 0.004992603550295858 0.00749999999999991
