0 0.9156619822485207 0.6971710526315789 0.0194896449704143 0.014605263157894767
3 0.7768306213017753 0.7874671052631579 0.004548816568047237 0.05625
1 0.7202292899408284 0.7849999999999999 0.004437869822485207 0.05013157894736845
3 0.6050110946745562 0.7651644736842105 0.0034393491124260185 0.01651315789473678
1 0.6009430473372781 0.7646381578947369 0.0036612426035503294 0.016907894736841986
1 0.5307137573964498 0.6911184210526315 0.018232248520710044 0.013157894736842105
3 0.050166420118343186 0.7358552631578947 0.0070636094674556196 0.02000000000000006
1 0.09458210059171597 0.7591118421052631 0.010170118343195266 0.05506578947368424
0 0.2140532544378698 0.7440131578947369 0.012426035502958588 0.029342105263157985
3 0.5563609467455621 0.6926973684210527 0.018417159763313592 0.010131578947368332
