0 0.9207470414201183 0.7196052631578949 0.01804733727810641 0.01499999999999997
1 0.7789755917159763 0.7995723684210526 0.004548816568047405 0.05625
3 0.721875 0.7976315789473685 0.005880177514792933 0.046578947368421025
1 0.6073779585798816 0.7677960526315789 0.0034393491124260185 0.01651315789473678
1 0.6033099112426035 0.7668750000000001 0.0036612426035502453 0.016907894736842136
1 0.5593934911242603 0.6925657894736842 0.018565088757396465 0.012105263157894796
1 0.5340051775147928 0.6889473684210526 0.018232248520710044 0.013157894736842105
0 0.21767751479289943 0.720625 0.011168639053254454 0.028618421052631578
1 0.05660133136094675 0.7057894736842105 0.0070636094674556196 0.02000000000000006
3 0.09920488165680473 0.7308881578947367 0.010170118343195266 0.05506578947368424
