0 0.379012573964497 0.7813486842105264 0.0038091715976331193 0.011907894736842195
0 0.3904031065088758 0.7807236842105263 0.004474852071005967 0.012105263157894796
0 0.4047707100591716 0.7803618421052633 0.0043639053254438545 0.011907894736842195
0 0.41636464497041414 0.7789144736842105 0.004918639053254421 0.011907894736842046
0 0.4289755917159763 0.7781907894736841 0.004474852071005883 0.011907894736842195
0 0.4389238165680473 0.7770723684210527 0.004770710059171547 0.011644736842105293
1 0.47302144970414206 0.7328289473684211 0.01675295857988164 0.008947368421052721
1 0.4936575443786982 0.7332565789473685 0.01719674556213018 0.009013157894736872
1 0.5459504437869822 0.7316776315789474 0.017122781065088823 0.009407894736842075
0 0.5623520710059171 0.7310526315789474 0.008801775147928978 0.008552631578947369
0 0.8299186390532544 0.7252631578947369 0.005843195266272257 0.0188157894736843
0 0.8222818047337277 0.7305592105263157 0.0063979289940827395 0.020592105263157866
0 0.9447855029585798 0.6157894736842106 0.02869822485207097 0.026710526315789414
0 0.9767566568047336 0.6010197368421052 0.032137573964497075 0.02901315789473686
1 0.5139238165680474 0.776875 0.004770710059171547 0.016644736842105233
1 0.5187869822485207 0.7766776315789473 0.0036982248520710057 0.01611842105263158
0 0.6246486686390532 0.7771381578947368 0.0036612426035503294 0.013092105263157955
