0 0.2571190828402367 0.7966776315789474 0.005288461538461521 0.01243421052631585
0 0.3806397928994083 0.7844407894736841 0.004178994082840262 0.011644736842105293
0 0.39206730769230774 0.7828289473684211 0.00417899408284022 0.013157894736842105
0 0.4065458579881657 0.7824342105263158 0.004511834319526644 0.011842105263157895
0 0.4176960059171598 0.7817763157894737 0.0044008875739645304 0.012236842105263098
0 0.43023298816568045 0.7807236842105263 0.0038091715976331193 0.011842105263157895
0 0.4398298816568047 0.7791118421052632 0.0046597633136094335 0.011644736842105144
2 0.4740199704142012 0.7365460526315789 0.016087278106508875 0.009144736842105324
1 0.49439718934911236 0.736907894736842 0.016900887573964515 0.00881578947368412
1 0.5453772189349113 0.7353947368421052 0.015754437869822453 0.008947368421052572
0 0.561094674556213 0.7336842105263157 0.008431952662721877 0.01000000000000003
2 0.5137758875739645 0.7794736842105264 0.0036612426035503294 0.015921052631578978
1 0.5184541420118344 0.7795723684210525 0.003920118343195317 0.017302631578947337
0 0.969064349112426 0.6776973684210525 0.02045118343195273 0.02381578947368424
0 0.9259985207100591 0.6245394736842105 0.02869822485207097 0.02657894736842104
0 0.9572670118343195 0.6101973684210527 0.025184911242603518 0.02723684210526322
0 0.9834319526627219 0.5965460526315789 0.02085798816568051 0.0251973684210526
0 0.8160133136094675 0.7282236842105264 0.007618343195266407 0.019736842105263157
0 0.6218380177514793 0.7788486842105262 0.003291420118343229 0.012565789473684301
