1 0.4402366863905326 0.5985526315789473 0.04534023668639058 0.02657894736842104
3 0.4930103550295858 0.6038486842105263 0.04356508875739643 0.02703947368421054
3 0.625 0.6080263157894737 0.04008875739644974 0.021184210526315743
0 0.6644600591715977 0.6070723684210526 0.022559171597633137 0.022697368421052633
1 0.5446560650887574 0.7181907894736843 0.009504437869822418 0.04375
3 0.5564903846153846 0.7185855263157894 0.008764792899408217 0.0433552631578948
0 0.8394970414201184 0.7236513157894736 0.009985207100591717 0.03269736842105266
0 0.22910502958579881 0.7542434210526316 0.013831360946745596 0.02493421052631585
0 0.213073224852071 0.7581907894736842 0.011279585798816568 0.030855263157894795
0 0.3302514792899408 0.7417763157894737 0.005547337278106509 0.015789473684210527
0 0.34609837278106503 0.7416118421052632 0.007729289940828394 0.016776315789473684
0 0.36795488165680473 0.7411184210526316 0.007211538461538462 0.01644736842105263
0 0.38463387573964497 0.7412828947368421 0.0073594674556213355 0.017434210526315788
0 0.4032544378698225 0.7402960526315789 0.0073964497041420114 0.016776315789473684
0 0.41708579881656804 0.7401644736842105 0.006656804733727811 0.01769736842105269
