1 0.5142566568047338 0.7586842105263158 0.008394970414201201 0.01118421052631579
3 0.5167899408284023 0.7702960526315789 0.005325443786982198 0.009013157894736872
0 0.3617418639053254 0.7563486842105264 0.003883136094674556 0.010723684210526286
0 0.3495931952662722 0.7570394736842105 0.003772189349112401 0.010921052631578887
0 0.33962647928994083 0.7563486842105264 0.003883136094674556 0.009934210526315879
1 0.1978180473372781 0.7456578947368422 0.005473372781065072 0.020789473684210615
3 0.20308801775147933 0.7470394736842105 0.005584319526627227 0.020657894736842167
1 0.4657914201183432 0.7138815789473684 0.013387573964496973 0.009078947368421023
3 0.48393121301775144 0.7148684210526315 0.013276627218934946 0.01000000000000003
0 0.6123520710059172 0.7594078947368422 0.004807692307692308 0.011052631578947338
3 0.618435650887574 0.7587171052631579 0.004474852071005883 0.013092105263157955
1 0.7234837278106508 0.7383552631578949 0.004807692307692308 0.020526315789473715
1 0.718435650887574 0.7395394736842105 0.004105029585798867 0.0186842105263157
