0 0.04378698224852071 0.5388157894736842 0.053402366863905315 0.02749999999999997
0 0.11947115384615385 0.5357565789473684 0.053957100591715976 0.026381578947368436
0 0.30110946745562134 0.6561184210526315 0.012647928994082815 0.044999999999999984
0 0.2928069526627219 0.6954934210526317 0.008690828402366863 0.02717105263157892
0 0.3088942307692308 0.6945723684210526 0.008690828402366863 0.02625000000000006
0 0.4324889053254438 0.7331907894736841 0.002995562130177481 0.00874999999999997
0 0.44069896449704143 0.7316447368421052 0.003143491124260355 0.007368421052631609
0 0.453753698224852 0.7309868421052631 0.003217455621301792 0.008157894736842015
0 0.4660687869822485 0.7307894736842107 0.0025517751479290276 0.007763157894736812
0 0.4766087278106509 0.7299013157894736 0.0024778106508875066 0.00874999999999997
1 0.4977625739644971 0.7145723684210527 0.01068786982248524 0.0054605263157894435
3 0.512758875739645 0.7154276315789473 0.009837278106508841 0.005723684210526346
0 0.5251849112426035 0.7154276315789474 0.004659763313609518 0.005197368421052692
1 0.5405695266272189 0.74 0.002810650887573931 0.0063157894736841505
3 0.543491124260355 0.7460197368421053 0.00399408284023667 0.005197368421052692
3 0.6823779585798817 0.7464144736842107 0.004770710059171547 0.010723684210526286
0 0.7276812130177515 0.6152302631578948 0.015051775147929011 0.053881578947368405
0 0.7418269230769231 0.6100657894736842 0.01523668639053256 0.057105263157894784
0 0.885262573964497 0.7126973684210528 0.0069896449704140665 0.019210526315789504
0 0.8684541420118344 0.6721381578947369 0.006952662721893391 0.011250000000000015
0 0.8447300295857987 0.6770394736842105 0.014016272189349145 0.008684210526315819
0 0.8587093195266271 0.6747039473684212 0.010465976331360845 0.009671052631578978
0 0.15663831360946745 0.7357894736842105 0.005954142011834328 0.01644736842105263
0 0.7841531065088757 0.7235526315789473 0.004992603550295858 0.014210526315789413
0 0.3157914201183432 0.7539144736842106 0.0030325443786982415 0.007828947368421112
