0 0.18753698224852072 0.7045065789473683 0.012130177514792903 0.034407894736842075
0 0.20588017751479293 0.7045394736842105 0.012647928994082815 0.03263157894736851
0 0.19857618343195269 0.6601973684210526 0.013868343195266272 0.049868421052631624
0 0.017437130177514793 0.5394078947368421 0.034874260355029586 0.03236842105263161
0 0.020469674556213017 0.5041118421052632 0.040939349112426034 0.026644736842105263
0 0.7926590236686392 0.6986184210526316 0.009652366863905292 0.026710526315789563
1 0.46593934911242607 0.7186513157894736 0.013091715976331311 0.00625
3 0.48208210059171597 0.717828947368421 0.01275887573964497 0.006315789473684301
0 0.49460059171597637 0.7166776315789473 0.006213017751479273 0.006776315789473655
1 0.5146079881656804 0.7509539473684211 0.0031065088757396787 0.01256578947368415
3 0.5180658284023668 0.7512828947368422 0.003217455621301792 0.01256578947368415
0 0.38526257396449703 0.7438157894736841 0.0029215976331361283 0.009605263157894827
0 0.39537721893491123 0.7435197368421054 0.003402366863905342 0.009802631578947278
0 0.4063609467455621 0.7422697368421053 0.002810650887573931 0.010197368421052632
0 0.4183801775147929 0.7414802631578948 0.002810650887573931 0.009013157894736872
0 0.4394230769230769 0.7401973684210525 0.003476331360946779 0.010394736842105233
