0 0.28703772189349114 0.7607565789473684 0.006545857988165697 0.01598684210526313
0 0.30693417159763314 0.7592434210526315 0.006545857988165656 0.015723684210526376
0 0.32860576923076923 0.7573026315789473 0.005436390532544353 0.016842105263157985
0 0.35144230769230766 0.7552302631578947 0.0051035502958580135 0.01598684210526313
0 0.3721153846153846 0.7520394736842104 0.006360946745562105 0.015789473684210527
0 0.39269600591715975 0.7495394736842105 0.0055843195266272695 0.016842105263157835
1 0.6388313609467456 0.4492434210526316 0.06146449704142014 0.041644736842105234
3 0.717289201183432 0.4477302631578947 0.06009615384615385 0.043881578947368376
1 0.8539201183431953 0.6346381578947369 0.022855029585798884 0.07809210526315792
3 0.8730769230769232 0.635296052631579 0.01989644970414191 0.07677631578947372
