1 0.541309171597633 0.7541118421052632 0.004733727810650871 0.019539473684210405
1 0.5368528106508876 0.7548684210526316 0.0037352071005917666 0.01999999999999991
0 0.5285318047337279 0.7100986842105262 0.01579142011834321 0.014539473684210616
1 0.5066383136094674 0.7090460526315789 0.015273668639053238 0.010723684210526436
1 0.4868528106508875 0.7075657894736842 0.015273668639053238 0.01118421052631579
0 0.43391272189349117 0.7122368421052631 0.007100591715976348 0.018421052631578946
0 0.4118897928994083 0.7118749999999999 0.007655325443786915 0.019144736842105204
0 0.3898853550295858 0.711578947368421 0.007137573964497108 0.0189473684210526
0 0.36767751479289945 0.7113815789473684 0.00724852071005918 0.02000000000000006
0 0.15061020710059173 0.7384539473684211 0.007803254437869831 0.021776315789473623
0 0.14291789940828403 0.7372039473684212 0.006767751479289945 0.019276315789473655
