0 0.056342455621301774 0.497796052631579 0.05684171597633136 0.04532894736842104
0 0.17431582840236687 0.512532894736842 0.04974112426035503 0.036118421052631564
0 0.23823964497041422 0.5183223684210526 0.05051775147928995 0.03230263157894738
3 0.20599112426035504 0.7273355263157896 0.007322485207100575 0.023881578947368393
0 0.2127403846153846 0.7271381578947368 0.004844674556212984 0.021776315789473623
0 0.6419008875739645 0.6476973684210526 0.01257396449704142 0.05184210526315786
0 0.6515532544378698 0.65125 0.012056213017751446 0.05421052631578938
0 0.6915865384615384 0.7186184210526317 0.011057692307692341 0.04289473684210529
1 0.46629068047337274 0.6932894736842105 0.013720414201183482 0.010789473684210587
3 0.48496671597633134 0.6943092105263158 0.014903846153846137 0.010328947368421083
