0 0.053420857988165676 0.72875 0.01009615384615384 0.030526315789473745
0 0.09008875739644971 0.7460855263157896 0.008284023668639055 0.017302631578947337
0 0.028716715976331363 0.7055921052631579 0.013128698224852074 0.04118421052631573
0 0.06403476331360947 0.7286184210526315 0.009060650887573964 0.027500000000000118
0 0.06776997041420119 0.5936184210526315 0.03960798816568048 0.05421052631578946
0 0.1081360946745562 0.5838157894736842 0.03380177514792901 0.024210526315789443
0 0.1672337278106509 0.6113815789473684 0.03224852071005917 0.023289473684210513
0 0.2060465976331361 0.6129605263157895 0.028587278106508858 0.020131578947368434
1 0.27455621301775146 0.744703947368421 0.0040680473372781065 0.015460526315789473
3 0.27873520710059174 0.7454276315789473 0.0038461538461538377 0.01638157894736848
