0 0.0031065088757396453 0.6939473684210526 0.006213017751479291 0.017105263157894738
1 0.11290680473372781 0.7725328947368421 0.00687869822485208 0.02848684210526328
1 0.12063609467455622 0.7716118421052631 0.00628698224852071 0.026644736842105263
0 0.30297707100591714 0.7752631578947369 0.008838757396449739 0.02723684210526307
1 0.31264792899408284 0.7969078947368422 0.00628698224852071 0.01763157894736839
1 0.3151257396449704 0.7744407894736842 0.00628698224852071 0.02756578947368412
1 0.9267936390532545 0.6866776315789473 0.014903846153846052 0.06032894736842101
3 0.9433801775147928 0.684375 0.0182692307692308 0.06624999999999996
3 0.761667899408284 0.5622697368421052 0.04138313609467459 0.03914473684210526
1 0.7155880177514792 0.5772697368421053 0.03909023668639055 0.03572368421052636
0 0.6967455621301775 0.6864473684210527 0.010872781065088792 0.034210526315789545
0 0.7300850591715977 0.6780263157894736 0.014016272189349062 0.03552631578947361
0 0.7672522189349112 0.6655921052631579 0.014164201183432019 0.039736842105263216
0 0.8103920118343196 0.6573684210526316 0.015088757396449604 0.034868421052631576
