1 0.8499260355029585 0.6555921052631579 0.010576923076923043 0.03289473684210526
1 0.8142751479289941 0.5958552631578947 0.03565088757396453 0.10157894736842103
1 0.7474297337278107 0.5849342105263158 0.024667159763313625 0.027105263157894768
0 0.7222818047337278 0.5975328947368421 0.022965976331360913 0.026907894736842165
0 0.2928254437869822 0.725921052631579 0.005621301775147904 0.021447368421052722
1 0.2997226331360947 0.7253947368421052 0.005732248520710059 0.02355263157894734
3 0.16590236686390533 0.7697039473684211 0.0053254437869822615 0.026644736842105263
1 0.17246671597633137 0.7689802631578947 0.006028106508875744 0.025460526315789503
1 0.1702292899408284 0.7299671052631579 0.008801775147928998 0.03519736842105263
3 0.17117233727810652 0.6937171052631579 0.008986686390532548 0.033223684210526315
