0 0.3152921597633136 0.6839144736842105 0.008247041420118369 0.03125
3 0.40162721893491127 0.6396710526315789 0.02625739644970414 0.01828947368421057
0 0.34742973372781066 0.7424013157894737 0.009060650887573964 0.007828947368421112
0 0.35952292899408284 0.7421052631578947 0.007285502958579899 0.005526315789473744
0 0.36934171597633136 0.7412500000000001 0.007914201183431944 0.00750000000000006
0 0.38062130177514797 0.7402960526315789 0.00894970414201181 0.006776315789473804
3 0.435207100591716 0.7559210526315789 0.004881656804733745 0.004473684210526435
1 0.44075443786982255 0.7558881578947367 0.004511834319526644 0.004407894736842135
1 0.4718010355029586 0.7691447368421052 0.0026997041420119016 0.0051315789473683916
3 0.4565643491124261 0.7689473684210527 0.0024778106508875908 0.004078947368421082
1 0.45826553254437874 0.7642434210526317 0.002625739644970465 0.0042763157894736845
