0 0.8274038461538462 0.6149671052631579 0.024112426035503058 0.02401315789473684
1 0.7907729289940828 0.619375 0.0319896449704142 0.022434210526315803
3 0.7405140532544379 0.6249013157894737 0.03132396449704144 0.023486842105263188
3 0.8107618343195266 0.7314144736842105 0.00658284023668629 0.03217105263157901
1 0.8183247041420119 0.7310855263157895 0.007211538461538462 0.03230263157894731
1 0.06967455621301774 0.6926644736842105 0.006139053254437868 0.012697368421052601
1 0.07856878698224852 0.6928947368421053 0.005584319526627217 0.008289473684210466
0 0.4763683431952662 0.6734210526315789 0.017085798816568062 0.005921052631578873
0 0.5091900887573965 0.6718092105263158 0.024371301775147878 0.004276315789473759
0 0.5499445266272189 0.6681578947368422 0.025110946745562163 0.0051315789473683916
