1 0.11329511834319528 0.5624013157894736 0.04803994082840237 0.03940789473684209
1 0.17067307692307693 0.575032894736842 0.04467455621301773 0.03730263157894732
1 0.21081730769230766 0.7153618421052631 0.006249999999999992 0.012302631578947398
1 0.21843565088757397 0.7152302631578948 0.005806213017751496 0.011381578947368392
1 0.4047337278106509 0.7480263157894737 0.0073964497041420114 0.021447368421052573
1 0.5278291420118343 0.7442763157894736 0.0070636094674555875 0.019736842105263157
0 0.9001294378698225 0.6867763157894737 0.00891272189349109 0.019868421052631608
0 0.9151257396449705 0.6839144736842105 0.008949704142011766 0.01875
0 0.9299926035502958 0.6819736842105263 0.009911242603550195 0.019868421052631608
0 0.9448409763313609 0.6800986842105263 0.011205621301775215 0.02190789473684215
0 0.9605584319526627 0.6776973684210525 0.009726331360946814 0.020394736842105188
0 0.9763128698224851 0.6751315789473684 0.008838757396449739 0.020131578947368434
