0 0.7205621301775148 0.6616776315789473 0.008357988165680523 0.02993421052631579
0 0.7211723372781066 0.6952631578947368 0.008247041420118326 0.029342105263157836
0 0.7221708579881657 0.7242763157894737 0.008764792899408217 0.02250000000000003
0 0.7994822485207101 0.6368421052631579 0.010355029585798817 0.04065789473684207
0 0.8062130177514792 0.6981578947368421 0.006139053254438005 0.030657894736842044
0 0.8001479289940829 0.6987828947368422 0.006804733727810684 0.028092105263157925
0 0.9602995562130177 0.6667105263157895 0.01697485207100595 0.05789473684210534
0 0.14299186390532542 0.7123355263157894 0.008321005917159764 0.021644736842105324
0 0.1419748520710059 0.7334210526315789 0.005695266272189361 0.01605263157894743
0 0.9500924556213018 0.6679934210526316 0.015569526627218902 0.05401315789473693
