0 0.24251109467455623 0.6945394736842105 0.009430473372781065 0.03197368421052626
0 0.24633875739644973 0.7325328947368421 0.005621301775147945 0.018355263157894798
0 0.23653846153846156 0.7338486842105263 0.005177514792899409 0.020986842105263217
0 0.3314164201183432 0.7251973684210526 0.0080251479289941 0.004605263157894736
0 0.34154955621301775 0.7248684210526315 0.008173076923076932 0.004605263157894736
3 0.30085059171597633 0.7551315789473684 0.0025887573964497044 0.015131578947368421
0 0.5132396449704142 0.7249671052631578 0.0040680473372781065 0.018618421052631548
3 0.452810650887574 0.7460526315789474 0.004807692307692308 0.00881578947368427
3 0.43182322485207103 0.7286184210526315 0.005362426035502958 0.004868421052631639
1 0.42357618343195264 0.7291118421052631 0.00610207100591716 0.0050657894736840904
