0 0.13831360946745563 0.6959868421052632 0.009467455621301784 0.025131578947368453
0 0.09730029585798818 0.6234868421052632 0.018195266272189346 0.017236842105263113
0 0.07464866863905326 0.617171052631579 0.014016272189349114 0.017894736842105293
0 0.2746486686390533 0.717467105263158 0.005880177514792891 0.020197368421052662
3 0.26815828402366865 0.716875 0.005103550295857971 0.019013157894736753
3 0.4925480769230769 0.6575000000000001 0.014829881656804784 0.010131578947368406
0 0.6695081360946745 0.7032236842105264 0.006028106508875723 0.020921052631578917
3 0.677237426035503 0.7036513157894737 0.00469674556213011 0.020723684210526314
1 0.8295673076923076 0.6346381578947369 0.00891272189349109 0.03848684210526316
0 0.9614644970414202 0.53 0.023668639053254437 0.021052631578947368
1 0.9822670118343196 0.5196052631578947 0.0070636094674555875 0.021578947368421097
