0 0.9464497041420118 0.6775657894736843 0.015606508875739746 0.044736842105263235
1 0.8561575443786983 0.6086513157894736 0.027181952662721894 0.023223684210526285
1 0.677237426035503 0.7442105263157893 0.005362426035502958 0.025131578947368453
0 0.6701738165680474 0.7445723684210527 0.006767751479289924 0.02374999999999994
2 0.5871486686390532 0.6732565789473683 0.006841715976331361 0.029934210526315716
1 0.5872041420118344 0.7099999999999999 0.006952662721893474 0.032763157894736814
2 0.5862795857988166 0.7380921052631579 0.0040680473372781065 0.021578947368421024
2 0.49454511834319526 0.6730263157894737 0.006250000000000033 0.028552631578947427
1 0.4940273668639053 0.7112499999999999 0.006397928994082824 0.030394736842105294
1 0.13023298816568046 0.7354934210526315 0.007211538461538462 0.009407894736842075
