1 0.6183616863905326 0.7731907894736842 0.005214497041420085 0.019013157894736902
1 0.5812684911242604 0.7840460526315789 0.0032174556213017077 0.01124999999999994
0 0.5791789940828402 0.7587499999999999 0.0031804733727811155 0.011842105263157895
0 0.583487426035503 0.7581578947368421 0.0030695266272190024 0.014210526315789564
0 0.5132581360946745 0.7013157894736842 0.013054733727810634 0.06092105263157889
0 0.5202662721893492 0.6257236842105264 0.010428994082840254 0.039342105263157866
3 0.4627773668639053 0.6176315789473684 0.01224112426035508 0.045394736842105265
0 0.4484837278106509 0.7256907894736844 0.008284023668639087 0.030460526315789445
1 0.49506286982248526 0.7650986842105262 0.0035133136094674558 0.015328947368421022
0 0.49606139053254433 0.7506907894736843 0.002921597633136044 0.009407894736842075
1 0.4769045857988166 0.7865131578947369 0.0028476331360946915 0.006710526315789354
3 0.46660502958579886 0.7725657894736844 0.0031804733727810314 0.004078947368421082
0 0.13165680473372782 0.5289473684210526 0.03417159763313608 0.02868421052631573
0 0.17683062130177513 0.5335526315789474 0.037684911242603564 0.026973684210526316
0 0.16196375739644972 0.5079276315789474 0.06490384615384617 0.022171052631578904
1 0.04014423076923077 0.6570723684210527 0.01342455621301775 0.033750000000000044
0 0.04578402366863906 0.6166776315789474 0.010355029585798823 0.03401315789473687
1 0.08818417159763313 0.6941776315789474 0.005436390532544385 0.01638157894736833
0 0.0932137573964497 0.6942105263157894 0.0035872781065088713 0.013684210526315759
1 0.2814534023668639 0.7372697368421053 0.005362426035502958 0.009407894736842075
0 0.25499260355029585 0.6548355263157895 0.008136094674556213 0.012302631578947398
1 0.2654585798816568 0.6612828947368421 0.008875739644970414 0.011513157894736841
0 0.2618343195266272 0.6464473684210527 0.012869822485207084 0.01499999999999997
0 0.28859097633136094 0.7259868421052632 0.004326923076923094 0.024473684210526196
3 0.3322855029585799 0.7253947368421052 0.004881656804733745 0.013421052631578858
0 0.29153106508875737 0.7130592105263157 0.005177514792899409 0.015592105263157924
0 0.30149778106508873 0.7196052631578949 0.004105029585798783 0.013684210526315759
