0 0.4598742603550296 0.7113157894736841 0.010281065088757464 0.0071052631578947065
0 0.476460798816568 0.7138815789473684 0.009578402366863855 0.008157894736842015
0 0.4689164201183432 0.7045723684210526 0.018528106508875705 0.00625
1 0.6008690828402367 0.7551644736842105 0.005880177514792933 0.005723684210526346
1 0.6121856508875739 0.7573026315789473 0.00610207100591716 0.0050000000000000894
1 0.6470968934911243 0.7895394736842105 0.002995562130177481 0.008552631578947369
1 0.6717825443786982 0.7757236842105263 0.004807692307692308 0.013421052631578858
1 0.6990569526627219 0.8010526315789473 0.0026997041420119016 0.0067105263157895036
1 0.7069341715976332 0.7996381578947369 0.0034393491124260185 0.005986842105263098
1 0.4061390532544379 0.7595723684210528 0.004437869822485207 0.007434210526315759
1 0.5755917159763314 0.7725328947368421 0.005695266272189299 0.006907894736842105
