0 0.03570636094674556 0.26766447368421054 0.07141272189349113 0.046250000000000006
0 0.03026997041420118 0.21529605263157894 0.06053994082840236 0.03296052631578949
0 0.3833210059171598 0.5121710526315789 0.03239644970414198 0.08894736842105266
1 0.3847448224852071 0.6382236842105262 0.021264792899408243 0.06539473684210524
0 0.3576738165680473 0.6345394736842105 0.01793639053254438 0.0682894736842105
1 0.9786612426035504 0.7029934210526315 0.023446745562130212 0.016776315789473684
1 0.9318786982248521 0.8108552631578947 0.005103550295857887 0.010921052631578887
0 0.9278291420118344 0.8104605263157896 0.0029215976331361283 0.010263157894736932
1 0.8450258875739645 0.8105263157894737 0.004105029585798783 0.01592105263157883
1 0.8406619822485207 0.7845065789473684 0.0035133136094674558 0.015460526315789473
0 0.8443047337278107 0.7848026315789475 0.0030325443786981578 0.013552631578947458
1 0.6417899408284023 0.7107565789473683 0.015014792899408335 0.011644736842105293
3 0.6187499999999999 0.7067105263157895 0.015014792899408335 0.012236842105263098
0 0.6311390532544379 0.6963486842105262 0.026479289940828453 0.010986842105263187
0 0.7196005917159763 0.7708223684210527 0.00399408284023667 0.01611842105263158
1 0.07255917159763313 0.671578947368421 0.010946745562130175 0.019736842105263157
1 0.17148668639053255 0.7027302631578948 0.005251479289940824 0.009276315789473775
3 0.34267751479289943 0.7154276315789474 0.004881656804733745 0.015855263157894678
0 0.4903291420118343 0.7280263157894736 0.003883136094674556 0.01131578947368424
0 0.47705251479289945 0.7261184210526315 0.004622781065088758 0.011052631578947338
0 0.4633136094674556 0.7248684210526317 0.004437869822485207 0.011973684210526346
0 0.4495192307692308 0.7224013157894738 0.003994082840236754 0.011644736842105293
0 0.4377218934911242 0.7205263157894737 0.005103550295857971 0.011578947368420993
0 0.42503698224852077 0.7190131578947369 0.003772189349112443 0.01000000000000003
1 0.5216531065088758 0.7574671052631579 0.0034393491124260185 0.008486842105263069
0 0.5183986686390533 0.7579934210526317 0.002995562130177481 0.007697368421052662
