1 0.8664201183431953 0.6561184210526315 0.010428994082840337 0.036578947368420996
1 0.8587832840236687 0.7191447368421052 0.01164940828402367 0.02776315789473687
1 0.8837093195266272 0.7133552631578947 0.008764792899408385 0.04342105263157895
0 0.830991124260355 0.6508223684210527 0.016198224852071074 0.014144736842105264
0 0.8125739644970413 0.6575 0.015532544378698224 0.01263157894736845
1 0.7692307692307693 0.7467434210526317 0.005991124260354962 0.012697368421052601
1 0.7040680473372781 0.7355263157894737 0.004733727810650871 0.015394736842105324
0 0.7088942307692307 0.735296052631579 0.004770710059171547 0.01374999999999991
1 0.707655325443787 0.7595394736842105 0.005843195266272257 0.014078947368421113
1 0.591198224852071 0.7539144736842104 0.005103550295857971 0.022171052631578977
1 0.5314349112426036 0.7138815789473684 0.01257396449704142 0.01000000000000003
1 0.5130917159763314 0.7130592105263157 0.011982248520710009 0.010986842105263187
0 0.3719489644970414 0.6256578947368421 0.02377958579881659 0.0625
