1 0.3664386094674556 0.7452960526315789 0.007803254437869831 0.025723684210526405
3 0.8402736686390532 0.5900986842105264 0.03550295857988166 0.019934210526315835
3 0.8926405325443786 0.5849671052631579 0.034985207100591685 0.023486842105263188
3 0.7786242603550294 0.7727631578947368 0.0049556213017751816 0.006052631578947398
3 0.7650147928994082 0.7579276315789474 0.0043639053254438545 0.0046710526315788875
3 0.7591531065088757 0.7582236842105263 0.003883136094674556 0.004342105263157835
3 0.749741124260355 0.7677302631578946 0.0031804733727810314 0.0030921052631579246
3 0.7571745562130178 0.7767105263157894 0.0029585798816568047 0.004736842105263188
0 0.7305658284023668 0.7524342105263159 0.004992603550295858 0.0022368421052632176
0 0.7226516272189349 0.7524671052631579 0.005066568047337295 0.002171052631579067
0 0.7159948224852072 0.7530592105263159 0.0024778106508875908 0.0025657894736841208
0 0.7303809171597633 0.7487499999999999 0.007877218934911227 0.00249999999999997
