0 0.6348557692307693 0.6725986842105264 0.007581360946745562 0.0248026315789474
0 0.644008875739645 0.6723355263157895 0.008136094674556213 0.024276315789473743
0 0.7002403846153845 0.6555263157894736 0.006767751479289924 0.036052631578947336
0 0.6911057692307693 0.6610855263157895 0.006989644970414235 0.03572368421052628
1 0.5001109467455621 0.7230592105263157 0.004289940828402334 0.009276315789473624
1 0.4693047337278107 0.7069078947368421 0.004289940828402334 0.020657894736842167
1 0.4600406804733728 0.7063815789473683 0.005140532544378732 0.018289473684210498
0 0.2099852071005917 0.6804934210526316 0.007914201183431944 0.030855263157894722
0 0.2152921597633136 0.6824342105263158 0.0076553254437869995 0.03052631578947367
0 0.18374630177514795 0.7262171052631579 0.006989644970414214 0.015065789473684121
