0 0.20490014792899405 0.6532236842105263 0.01882396449704141 0.06697368421052628
0 0.23455991124260356 0.6506578947368421 0.02215236686390536 0.06868421052631585
0 0.45954142011834315 0.7390460526315789 0.004289940828402418 0.020460526315789564
0 0.45098002958579875 0.738453947368421 0.004326923076923094 0.020197368421052662
3 0.8382211538461539 0.7510197368421054 0.007655325443787083 0.02124999999999997
1 0.4545488165680473 0.7561184210526315 0.003920118343195317 0.011842105263157895
1 0.5636279585798817 0.7546052631578948 0.00417899408284022 0.008289473684210466
1 0.5688979289940829 0.7545065789473684 0.004881656804733745 0.007960526315789564
1 0.5160687869822486 0.7392105263157894 0.0037352071005916825 0.0061842105263157
1 0.5197115384615384 0.7394407894736842 0.003476331360946779 0.007171052631579007
1 0.5059541420118343 0.7498026315789472 0.004437869822485207 0.0051315789473683916
