3 0.7360022189349112 0.6448026315789473 0.01468195266272191 0.05013157894736845
0 0.7279770710059171 0.6488157894736842 0.012832840236686408 0.04802631578947368
0 0.6806397928994083 0.6579605263157895 0.010022189349112393 0.02894736842105263
0 0.6699704142011834 0.6576644736842105 0.009615384615384616 0.030197368421052615
1 0.4720414201183432 0.7054934210526315 0.0060650887573964 0.01848684210526325
1 0.4621486686390533 0.7050328947368422 0.005732248520710059 0.01625000000000003
0 0.15526997041420118 0.7258881578947368 0.00780325443786981 0.019276315789473655
0 0.18600221893491123 0.6758881578947368 0.010687869822485199 0.03625000000000009
0 0.19162352071005917 0.6785526315789474 0.009874260355029581 0.037500000000000075
1 0.5510724852071005 0.7387828947368421 0.009097633136094725 0.014144736842105264
