1 0.8160318047337278 0.6079934210526315 0.017492603550295756 0.06401315789473681
0 0.8035502958579882 0.6158223684210526 0.01708579881656815 0.06151315789473684
0 0.7700813609467456 0.6145723684210526 0.014053254437869823 0.03967105263157892
1 0.7543084319526626 0.6152631578947368 0.017048816568047305 0.0409210526315789
0 0.09469304733727811 0.7221052631578947 0.008468934911242605 0.020789473684210615
0 0.1334689349112426 0.6611842105263158 0.014423076923076924 0.04565789473684217
1 0.14199334319526627 0.6658881578947369 0.012980769230769238 0.04361842105263155
3 0.4757951183431953 0.7067763157894736 0.007137573964497024 0.023421052631578888
1 0.46460798816568044 0.7060197368421053 0.0061390532544378365 0.022039473684210525
3 0.5129068047337279 0.7281907894736841 0.005621301775147945 0.02006578947368421
