0 0.3110392011834319 0.5585197368421053 0.031545857988165706 0.020328947368421037
0 0.34961168639053253 0.5630921052631579 0.030806213017751462 0.02250000000000003
0 0.38842455621301775 0.5679934210526315 0.03010355029585798 0.023618421052631563
1 0.31083579881656803 0.7126973684210526 0.005695266272189383 0.015789473684210527
1 0.6059726331360947 0.7365131578947368 0.006767751479289924 0.020526315789473566
1 0.5845229289940829 0.7523355263157896 0.0030695266272189182 0.01006578947368418
0 0.713387573964497 0.6776644736842105 0.009615384615384616 0.00940789473684215
1 0.575573224852071 0.7036842105263157 0.003883136094674556 0.007763157894736812
0 0.5389238165680473 0.7027302631578948 0.009800295857988165 0.007302631578947458
3 0.5251109467455621 0.7027631578947368 0.010502958579881606 0.008421052631578918
0 0.5120931952662722 0.7020394736842105 0.01013313609467459 0.0067105263157895036
3 0.5620562130177515 0.7581578947368421 0.004881656804733745 0.013552631578947458
0 0.3265902366863905 0.6508552631578947 0.010946745562130185 0.007894736842105263
