0 0.22614644970414202 0.7250657894736842 0.008505917159763314 0.03236842105263161
0 0.2996671597633136 0.6330592105263158 0.03276627218934912 0.021907894736842074
0 0.3395525147928994 0.6308223684210525 0.03132396449704144 0.0217763157894737
3 0.641715976331361 0.7492763157894737 0.006434911242603584 0.015526315789473773
1 0.5336908284023668 0.7598026315789475 0.004215976331360896 0.009868421052631578
3 0.5021079881656804 0.757171052631579 0.00436390532544377 0.011973684210526346
3 0.476460798816568 0.7200000000000001 0.011945266272189333 0.01131578947368424
1 0.4613720414201184 0.7201315789473683 0.011945266272189333 0.008157894736842015
3 0.4671227810650887 0.7640131578947368 0.004215976331360896 0.006842105263157955
3 0.47115384615384615 0.7639802631578947 0.0033284023668639054 0.005986842105263098
3 0.4769045857988166 0.7433223684210526 0.00417899408284022 0.011513157894736841
1 0.33480029585798815 0.7726644736842104 0.004363905325443812 0.008355263157894767
3 0.23075073964497042 0.7446052631578949 0.005658284023668665 0.013289473684210556
