1 0.7179733727810651 0.7290131578947368 0.008653846153846104 0.020921052631578917
1 0.7154400887573964 0.7030921052631578 0.009430473372781065 0.025526315789473654
3 0.7738720414201185 0.7260855263157895 0.009652366863905292 0.03217105263157886
0 0.7672152366863906 0.7255263157894738 0.009504437869822586 0.0314473684210526
1 0.9323224852071006 0.680328947368421 0.018713017751479426 0.028026315789473774
1 0.9350776627218934 0.7010855263157896 0.009060650887573964 0.013223684210526405
3 0.9152736686390531 0.6307236842105264 0.014571005917159797 0.019078947368421053
1 0.8959319526627221 0.6378289473684211 0.019082840236686358 0.021578947368421024
0 0.030029585798816563 0.7041447368421052 0.03505917159763314 0.0881578947368421
1 0.6475221893491124 0.7591118421052631 0.005177514792899409 0.013355263157894707
1 0.6517381656804735 0.769375 0.002514792899408267 0.007565789473684211
