0 0.20876479289940827 0.6472697368421052 0.02514792899408284 0.01440789473684209
0 0.16887943786982249 0.6470723684210526 0.02533284023668639 0.01559210526315785
0 0.1293084319526627 0.6478289473684211 0.011797337278106522 0.016315789473684256
0 0.003883136094674556 0.7188157894736842 0.007766272189349112 0.009078947368421023
1 0.03884985207100592 0.7745723684210526 0.005658284023668638 0.010328947368421083
0 0.5880547337278106 0.7545394736842106 0.006582840236686374 0.014868421052631668
1 0.49876109467455626 0.7623684210526316 0.0036612426035502453 0.006973684210526256
1 0.4316937869822486 0.765296052631579 0.003624260355029569 0.017039473684210587
0 0.41061390532544384 0.729078947368421 0.00399408284023667 0.005657894736842046
1 0.3965051775147929 0.7294078947368421 0.009282544378698276 0.0059210526315789476
1 0.3831730769230769 0.7297039473684211 0.009245562130177474 0.005986842105263248
