1 0.8697670118343195 0.7462828947368421 0.005732248520710059 0.012171052631578947
1 0.8634430473372781 0.7141776315789473 0.006176035502958512 0.017434210526315788
1 0.6539940828402367 0.7511184210526316 0.0058431952662721725 0.017763157894736842
1 0.6481323964497042 0.7611184210526316 0.004326923076923094 0.011710526315789444
3 0.5591715976331361 0.6877302631578947 0.0171597633136095 0.0124342105263157
1 0.5869637573964498 0.6877302631578947 0.01734467455621297 0.011907894736842195
3 0.32751479289940827 0.7427631578947368 0.006360946745562147 0.015657894736842225
1 0.3300480769230769 0.766907894736842 0.003143491124260355 0.0067105263157895036
1 0.15377218934911244 0.6582236842105263 0.0194526627218935 0.0189473684210526
1 0.12975221893491126 0.6485197368421053 0.019859467455621296 0.018355263157894798
