1 0.8851886094674557 0.7106578947368422 0.009874260355029687 0.033157894736842164
1 0.8357618343195267 0.659342105263158 0.012130177514792966 0.01697368421052636
0 0.8238720414201184 0.6650328947368421 0.010909763313609468 0.015592105263157924
1 0.725314349112426 0.7678947368421052 0.004918639053254505 0.009078947368421023
1 0.7227625739644971 0.7479934210526314 0.0036612426035502453 0.010723684210526286
1 0.6625554733727811 0.6843092105263159 0.012241124260354995 0.029407894736842136
0 0.36518121301775147 0.6890789473684211 0.013498520710059171 0.03973684210526307
1 0.36937869822485203 0.7453289473684211 0.008653846153846146 0.02723684210526307
0 0.3560096153846154 0.7458223684210527 0.0080251479289941 0.027434210526315818
1 0.29731878698224856 0.7205592105263158 0.008321005917159764 0.00875000000000012
0 0.2874445266272189 0.7170394736842106 0.008838757396449739 0.011052631578947338
0 0.22573964497041418 0.6168092105263158 0.031804733727810654 0.021250000000000043
0 0.1764423076923077 0.6191776315789473 0.030621301775147932 0.02124999999999997
0 0.0575258875739645 0.7132894736842104 0.014386094674556215 0.03407894736842102
