0 0.6490199704142011 0.6598684210526315 0.008247041420118326 0.03342105263157899
0 0.6490569526627219 0.700592105263158 0.008321005917159764 0.03473684210526313
0 0.6737426035502958 0.7157894736842105 0.008505917159763314 0.03368421052631567
0 0.6510355029585799 0.73875 0.008653846153846104 0.029078947368421083
3 0.6124999999999999 0.7733223684210526 0.0052514792899408455 0.010197368421052632
3 0.6146264792899409 0.7589802631578948 0.00403106508875743 0.007171052631578858
1 0.6113165680473372 0.7500986842105264 0.00451183431952656 0.005855263157894647
3 0.5554363905325445 0.7504276315789474 0.0038461538461537956 0.019013157894736753
1 0.5553994082840237 0.7300328947368422 0.004289940828402334 0.018355263157894645
0 0.3787906804733728 0.7489473684210527 0.0021819526627219273 0.01263157894736845
1 0.3762204142011834 0.7497368421052631 0.002662721893491099 0.014868421052631668
3 0.37337278106508875 0.765921052631579 0.004437869822485207 0.012236842105263098
0 0.3780510355029586 0.7676973684210527 0.0029215976331361283 0.010921052631579038
0 0.11470044378698224 0.6422039473684211 0.01164940828402367 0.02953947368421051
0 0.36335059171597633 0.6310855263157895 0.017455621301775165 0.057171052631579004
0 0.36899038461538464 0.5708223684210526 0.01468195266272191 0.05690789473684211
0 0.3554548816568048 0.6988815789473686 0.008099112426035495 0.03013157894736839
