0 0.2193786982248521 0.515921052631579 0.03927514792899406 0.028552631578947354
0 0.2343195266272189 0.4747697368421053 0.06708579881656804 0.024934210526315774
0 0.2710613905325444 0.5104934210526316 0.04212278106508875 0.02993421052631579
0 0.3176775147928994 0.5015131578947368 0.04659763313609468 0.03723684210526317
0 0.36357248520710056 0.5570394736842106 0.014275147928994092 0.06236842105263162
0 0.36240754437869827 0.655296052631579 0.030806213017751504 0.05901315789473687
1 0.8200628698224851 0.7484539473684211 0.005140532544378732 0.011776315789473595
3 0.8240199704142012 0.7567763157894738 0.004992603550295858 0.009342105263157924
1 0.7760539940828401 0.7216776315789474 0.005732248520710059 0.010197368421052632
3 0.7689903846153846 0.722796052631579 0.006841715976331361 0.0124342105263157
1 0.7522189349112426 0.724046052631579 0.007914201183431986 0.008881578947368421
0 0.9912906804733728 0.5800986842105263 0.017418639053254404 0.07322368421052629
