0 0.31704881656804734 0.5024342105263159 0.04815088757396447 0.038947368421052585
0 0.2716531065088757 0.5102302631578947 0.04293639053254439 0.030986842105263174
0 0.22242973372781066 0.5154934210526315 0.045894970414201194 0.02835526315789475
0 0.36224112426035504 0.6554605263157894 0.031213017751479322 0.0628947368421052
0 0.9919378698224851 0.5847368421052631 0.016124260355029552 0.09447368421052633
0 0.9643860946745562 0.7132565789473685 0.014201183431952697 0.02717105263157892
3 0.8245007396449704 0.7566776315789474 0.006250000000000033 0.007828947368420963
1 0.8205066568047338 0.7483881578947368 0.005658284023668706 0.008618421052631518
1 0.7765347633136095 0.7214473684210526 0.006249999999999865 0.011052631578947338
3 0.7687869822485208 0.7217763157894737 0.005843195266272088 0.010131578947368332
1 0.7514792899408284 0.7237171052631579 0.006213017751479357 0.010197368421052632
0 0.3638868343195266 0.5553618421052632 0.018232248520710086 0.06138157894736839
0 0.6796597633136096 0.7293421052631578 0.014866863905325461 0.016710526315789384
