1 0.7816752958579882 0.6775986842105264 0.012463017751479222 0.03861842105263153
1 0.5494822485207101 0.7399013157894737 0.003402366863905342 0.007960526315789564
1 0.48946005917159763 0.6244736842105263 0.031508875739644907 0.018947368421052678
1 0.4492048816568048 0.6281907894736841 0.032507396449704094 0.019671052631578933
1 0.439478550295858 0.7176644736842105 0.012315088757396432 0.008092105263157864
0 0.3804918639053254 0.7622697368421053 0.004031065088757388 0.015723684210526227
0 0.3731139053254438 0.7615460526315789 0.003550295857988174 0.012828947368421053
0 0.2558431952662722 0.7015131578947368 0.021671597633136103 0.010921052631578887
0 0.2802514792899408 0.699703947368421 0.022411242603550305 0.011513157894736841
0 0.21562499999999998 0.7020394736842105 0.019489644970414177 0.014605263157894767
