0 0.3898113905325444 0.7399342105263158 0.004844674556212984 0.014868421052631519
0 0.3986316568047338 0.7386513157894737 0.004585798816567997 0.01230263157894725
3 0.49084689349112426 0.6942763157894738 0.014755917159763347 0.009736842105263129
3 0.5080806213017751 0.6922039473684211 0.014016272189349062 0.00874999999999997
3 0.5542899408284024 0.7357565789473683 0.003402366863905342 0.007828947368420963
3 0.482655325443787 0.7156907894736841 0.00576923076923082 0.00625
3 0.6274593195266273 0.7224342105263157 0.005214497041420169 0.012894736842105353
0 0.36320266272189344 0.7180592105263157 0.010207100591715985 0.007434210526315759
0 0.3844304733727811 0.7174013157894735 0.012056213017751446 0.006776315789473655
0 0.3996671597633135 0.7161513157894738 0.007100591715976348 0.006776315789473655
