1 0.35081360946745566 0.7216447368421053 0.008136094674556213 0.006052631578947398
1 0.3600406804733728 0.7213157894736842 0.009800295857988165 0.0055263157894735945
0 0.3424741124260355 0.7208881578947368 0.00706360946745563 0.0042763157894736845
1 0.3669933431952663 0.7427960526315791 0.004548816568047321 0.006118421052631549
1 0.4444156804733728 0.7514144736842105 0.0031065088757396787 0.004934210526315789
0 0.22969674556213018 0.6879934210526316 0.015162721893491124 0.010855263157894738
0 0.24705991124260354 0.6894078947368422 0.016309171597633145 0.008421052631578918
0 0.26514423076923077 0.6900986842105263 0.016752958579881683 0.008618421052631518
1 0.1722818047337278 0.7466776315789473 0.004696745562130174 0.008355263157894767
0 0.2372965976331361 0.7482236842105263 0.003957100591715993 0.010263157894736783
