1 0.7669563609467456 0.6757236842105263 0.008321005917159764 0.03749999999999992
1 0.5363905325443787 0.7287828947368421 0.0034763313609466953 0.006513157894736902
3 0.47805103550295863 0.6127302631578947 0.0319896449704142 0.019013157894736826
1 0.4375 0.6138486842105263 0.03328402366863906 0.01822368421052627
0 0.265366124260355 0.6794736842105263 0.022374260355029586 0.011447368421052692
0 0.24069896449704142 0.6791776315789473 0.02207840236686392 0.012434210526315775
0 0.20711908284023667 0.6791447368421054 0.032285502958579904 0.015263157894736873
0 0.3663831360946746 0.7454934210526316 0.004142011834319502 0.014276315789473713
0 0.3592085798816568 0.7447697368421052 0.003994082840236711 0.013750000000000059
1 0.4266457100591716 0.7031907894736842 0.01187130177514798 0.007565789473684211
