1 0.7247411242603551 0.6651315789473684 0.011316568047337244 0.029736842105263114
0 0.755159023668639 0.669342105263158 0.01009615384615383 0.030263157894736915
0 0.7437499999999999 0.6867763157894737 0.008875739644970414 0.016973684210526287
0 0.7023853550295858 0.6132565789473685 0.011131656804733695 0.0157236842105263
0 0.719008875739645 0.6069736842105262 0.01960059171597633 0.018026315789473668
3 0.6274593195266273 0.7012171052631578 0.004400887573964446 0.014144736842105264
1 0.5873150887573965 0.7003947368421052 0.0031804733727811155 0.008421052631578918
3 0.4525702662721893 0.6467434210526315 0.015939349112426 0.00940789473684215
0 0.4408284023668639 0.6456578947368422 0.0043639053254438545 0.007631578947368436
0 0.01658653846153846 0.6575657894736842 0.009874260355029587 0.02631578947368421
3 0.06512573964497041 0.68125 0.010428994082840232 0.019736842105263157
0 0.22150517751479293 0.6921710526315789 0.005436390532544353 0.014605263157894767
