1 0.7675480769230768 0.6756578947368421 0.009800295857988165 0.03592105263157889
1 0.5366494082840236 0.7288157894736842 0.003402366863905342 0.006973684210526256
1 0.42646079881656807 0.7034868421052632 0.01187130177514798 0.008684210526315819
1 0.43753698224852067 0.6138815789473684 0.03313609467455626 0.01934210526315788
3 0.4778291420118344 0.6129276315789474 0.03206360946745564 0.018223684210526347
0 0.36651257396449705 0.7453947368421052 0.004178994082840262 0.015131578947368421
0 0.35930103550295855 0.7444736842105263 0.004252958579881657 0.013947368421052661
0 0.24058801775147928 0.6787500000000001 0.022892011834319517 0.0125
0 0.2649223372781065 0.6787500000000001 0.02207840236686392 0.012105263157894796
0 0.20027736686390532 0.6781907894736842 0.01941568047337278 0.014671052631578918
