1 0.9019785502958579 0.6788486842105262 0.008321005917159764 0.025855263157894708
0 0.9103735207100592 0.6785855263157895 0.007137573964497108 0.02625000000000006
0 0.7130177514792899 0.7085855263157894 0.007174556213017785 0.019407894736842107
1 0.7042344674556213 0.7130263157894736 0.004918639053254505 0.009868421052631578
0 0.6463572485207101 0.6967105263157894 0.0037352071005916825 0.016842105263157835
3 0.5816752958579882 0.7251973684210526 0.005806213017751496 0.005657894736842046
1 0.5889423076923077 0.7250986842105264 0.005473372781065156 0.00375000000000003
1 0.4343380177514793 0.7422039473684211 0.0037352071005916825 0.007039473684210556
0 0.29918639053254437 0.6732565789473685 0.008062130177514776 0.028092105263157925
0 0.08640902366863905 0.6041118421052631 0.010022189349112424 0.058223684210526316
0 0.10064718934911242 0.6041118421052631 0.008468934911242617 0.05138157894736836
0 0.0752034023668639 0.6031578947368421 0.009874260355029581 0.057631578947368436
1 0.2932322485207101 0.711578947368421 0.004659763313609476 0.013684210526315759
0 0.07969674556213018 0.6834868421052632 0.008653846153846146 0.03249999999999991
