2 0.9326738165680473 0.5295723684210527 0.02533284023668639 0.02901315789473686
2 0.9096523668639053 0.5407894736842105 0.01775147928994083 0.027894736842105323
0 0.8875184911242603 0.5503289473684211 0.016087278106508875 0.024473684210526345
0 0.9816568047337276 0.6162500000000001 0.006065088757396483 0.03631578947368416
0 0.7049926035502958 0.6637828947368422 0.005547337278106509 0.017697368421052618
1 0.6222448224852071 0.7105921052631579 0.00403106508875743 0.013289473684210556
1 0.4544563609467455 0.6603289473684211 0.01327662721893486 0.0094736842105263
1 0.4754068047337278 0.6606907894736842 0.013313609467455622 0.009276315789473624
2 0.4913276627218935 0.6605263157894737 0.013646449704142045 0.009868421052631578
1 0.15012943786982247 0.7166447368421053 0.0051405325443786894 0.008157894736842164
1 0.15417899408284022 0.7182565789473684 0.002440828402366851 0.007697368421052512
