0 0.8058062130177515 0.7318092105263158 0.01116863905325437 0.035328947368421085
0 0.8028846153846154 0.6975986842105263 0.015014792899408418 0.03980263157894737
0 0.7999630177514793 0.6572368421052631 0.013387573964496973 0.03934210526315794
0 0.7968565088757396 0.6164144736842105 0.012721893491124294 0.04124999999999995
3 0.588073224852071 0.7480263157894737 0.004918639053254421 0.02263157894736848
3 0.5887943786982248 0.7077960526315789 0.0058431952662721725 0.025855263157894708
1 0.5833025147928994 0.7085526315789473 0.005954142011834286 0.025789473684210407
3 0.5882211538461538 0.6745723684210526 0.006619822485207134 0.02559210526315788
1 0.5825813609467455 0.6753289473684211 0.005177514792899409 0.025131578947368376
3 0.3931213017751479 0.7668421052631579 0.005917159763313609 0.01000000000000003
3 0.42046967455621304 0.7174671052631578 0.005954142011834286 0.027960526315789474
1 0.42130177514792894 0.6838157894736843 0.007322485207100575 0.02960526315789481
