1 0.9591346153846154 0.362796052631579 0.02751479289940815 0.0965131578947368
1 0.9668639053254439 0.4544078947368421 0.032470414201183496 0.09618421052631575
1 0.9776442307692308 0.5824013157894737 0.02111686390532541 0.04967105263157895
0 0.987037721893491 0.6378618421052631 0.015421597633136195 0.04953947368421057
3 0.6460983727810651 0.6649013157894738 0.005362426035502958 0.018750000000000076
3 0.6468750000000001 0.6383223684210526 0.004992603550295858 0.027434210526315818
1 0.6406619822485207 0.6371710526315789 0.0064718934911242604 0.025526315789473654
0 0.6394970414201183 0.6080263157894737 0.00991124260355028 0.026184210526315834
1 0.05578772189349112 0.5744407894736842 0.01941568047337278 0.034407894736842075
3 0.3934726331360947 0.656546052631579 0.005954142011834286 0.026118421052631534
1 0.3930103550295858 0.6290789473684211 0.0061390532544378365 0.02552631578947373
