0 0.7684541420118344 0.6207565789473684 0.011020710059171665 0.04190789473684206
0 0.6734282544378698 0.7125 0.006693786982248487 0.021710526315789475
0 0.6722078402366864 0.6891776315789475 0.0061760355029585965 0.02256578947368418
0 0.6714497041420118 0.6654276315789474 0.0064349112426034995 0.02256578947368418
3 0.5531434911242603 0.7106250000000001 0.004142011834319543 0.015065789473684121
1 0.5493158284023668 0.7096381578947369 0.0027736686390532543 0.014407894736842015
3 0.5530140532544379 0.6899671052631579 0.0036612426035502453 0.015197368421052572
1 0.5496856508875739 0.6887500000000001 0.0030695266272189182 0.014868421052631668
3 0.44722633136094675 0.7101315789473684 0.0036982248520710057 0.017763157894736842
1 0.44750369822485203 0.6883223684210527 0.004474852071005883 0.01993421052631591
