1 0.8635355029585798 0.5679605263157894 0.03587278106508876 0.03355263157894737
1 0.8942862426035502 0.6909868421052633 0.013350591715976298 0.052105263157894766
0 0.8752958579881658 0.6951315789473683 0.011982248520710092 0.049736842105263246
3 0.6903106508875739 0.7229276315789473 0.007322485207100575 0.030592105263157896
0 0.6806397928994083 0.7248026315789472 0.009208579881656838 0.031052631578947398
0 0.3859097633136095 0.689703947368421 0.009985207100591717 0.025592105263157805
0 0.3563609467455621 0.6912828947368421 0.010133136094674549 0.02532894736842105
0 0.3285502958579882 0.6917434210526314 0.010133136094674549 0.023881578947368393
0 0.2989644970414201 0.692796052631579 0.00991124260355028 0.02374999999999994
1 0.41874999999999996 0.6641118421052632 0.023150887573964465 0.016776315789473684
3 0.448594674556213 0.6629605263157895 0.022189349112426034 0.015657894736842152
0 0.47435281065088764 0.6619407894736843 0.015347633136094675 0.016513157894736858
