0 0.8392011834319526 0.6874013157894736 0.0132396449704141 0.02717105263157892
1 0.685262573964497 0.6954605263157894 0.01009615384615383 0.031052631578947398
3 0.5393121301775148 0.6952960526315789 0.008505917159763314 0.03940789473684202
1 0.5299926035502959 0.6920065789473684 0.007914201183431903 0.03217105263157886
0 0.4649593195266272 0.6094736842105264 0.01697485207100595 0.018684210526315775
3 0.43487426035502963 0.6091447368421053 0.026553254437869805 0.01934210526315788
1 0.3354289940828402 0.6071381578947369 0.029289940828402385 0.01993421052631576
2 0.3443047337278107 0.5680263157894737 0.012943786982248521 0.032105263157894706
2 0.42069156804733726 0.5705921052631578 0.011797337278106543 0.03052631578947367
2 0.46055843195266266 0.5723026315789473 0.011427514792899357 0.02842105263157898
1 0.27453772189349107 0.5663157894736842 0.014755917159763305 0.031052631578947325
1 0.21751109467455626 0.564078947368421 0.015865384615384608 0.03223684210526316
1 0.15955991124260355 0.560625 0.016087278106508875 0.027828947368421023
1 0.10569526627218934 0.5610526315789474 0.018565088757396445 0.032631578947368435
1 0.045931952662721896 0.5584210526315789 0.017455621301775155 0.031447368421052675
