2 0.6334319526627219 0.7540131578947368 0.0046597633136094335 0.008552631578947369
1 0.6283099112426036 0.7472039473684211 0.003291420118343229 0.006381578947368302
2 0.6202292899408284 0.6901315789473684 0.005473372781065072 0.00999999999999988
1 0.6033099112426035 0.6908223684210526 0.010983727810650904 0.010855263157894738
2 0.5836908284023669 0.6917105263157896 0.014792899408284023 0.010921052631579038
1 0.5631102071005918 0.6929934210526315 0.014386094674556163 0.010328947368421083
1 0.542917899408284 0.6941118421052631 0.015421597633136112 0.01124999999999994
0 0.3742973372781065 0.6953618421052631 0.008727810650887582 0.014276315789473713
0 0.35464127218934915 0.6960526315789474 0.008025147928994057 0.013289473684210407
0 0.3275887573964497 0.7022697368421051 0.00931952662721891 0.023223684210526285
0 0.2950258875739645 0.7043421052631579 0.009578402366863938 0.02131578947368412
