0 0.9938609467455621 0.53375 0.012278106508875673 0.05447368421052636
0 0.9971708579881656 0.5852960526315789 0.005658284023668706 0.026776315789473714
0 0.7188054733727811 0.6180263157894738 0.007729289940828352 0.03526315789473686
0 0.7220414201183433 0.649671052631579 0.011094674556213017 0.0252631578947369
0 0.3677144970414201 0.6765460526315789 0.007914201183431944 0.02664473684210519
1 0.3706360946745562 0.7011842105263157 0.005843195266272214 0.017763157894736842
3 0.2796412721893491 0.6869736842105263 0.003883136094674556 0.01644736842105263
3 0.2790125739644971 0.7134868421052631 0.004105029585798825 0.006842105263157955
3 0.3267751479289941 0.7127302631578947 0.002884615384615368 0.012960526315789504
3 0.3297152366863905 0.7126315789473685 0.0029215976331360863 0.012763157894736902
3 0.3282914201183432 0.7243421052631579 0.0031804733727810734 0.0059210526315789476
