1 0.8339312130177514 0.7200986842105263 0.005362426035502958 0.011118421052631638
3 0.8289386094674556 0.7376315789473684 0.00580621301775158 0.010526315789473684
1 0.8140162721893492 0.6561184210526315 0.014571005917159797 0.011052631578947413
3 0.7956176035502959 0.6569078947368421 0.019119822485207032 0.011710526315789444
1 0.7717825443786983 0.6598684210526315 0.019970414201183433 0.012105263157894796
3 0.7463572485207101 0.6625657894736843 0.01719674556213018 0.0125
3 0.723539201183432 0.6648355263157895 0.017788461538461506 0.014144736842105264
0 0.7488720414201183 0.6418092105263158 0.030362426035502925 0.010460526315789458
0 0.5380917159763313 0.6774671052631579 0.008579881656804667 0.02585526315789478
0 0.5176775147928995 0.6789473684210526 0.00857988165680475 0.0247368421052631
0 0.49169748520710066 0.6817434210526315 0.0076553254437869995 0.02546052631578943
0 0.4610022189349112 0.6839802631578948 0.007951183431952663 0.024013157894736917
