0 0.8241124260355029 0.7413157894736842 0.005991124260354962 0.017368421052631637
0 0.8244082840236686 0.708092105263158 0.0071005917159764325 0.026842105263157865
3 0.5803624260355029 0.7668421052631579 0.0038461538461538798 0.008157894736842015
1 0.5763683431952663 0.7556578947368421 0.0038461538461538798 0.010526315789473684
1 0.550314349112426 0.6984868421052632 0.009356508875739628 0.012236842105263098
3 0.5329326923076922 0.7002302631578947 0.0144600591715976 0.009934210526315879
1 0.5130362426035503 0.7007565789473685 0.014977810650887574 0.010197368421052632
1 0.49321375739644974 0.7021381578947369 0.014829881656804784 0.010723684210526436
3 0.5156065088757397 0.6837828947368421 0.02551775147928994 0.007565789473684211
0 0.3250739644970414 0.7049013157894737 0.009097633136094642 0.024276315789473743
0 0.3045118343195266 0.705328947368421 0.008801775147928978 0.02250000000000003
0 0.27716346153846155 0.7073026315789473 0.009948224852070997 0.02289473684210523
0 0.2443971893491124 0.7081249999999999 0.007729289940828394 0.023486842105263188
