0 0.8921227810650888 0.27516447368421054 0.07699704142011844 0.08269736842105266
3 0.620784023668639 0.2692763157894737 0.10281065088757396 0.08381578947368419
1 0.08587278106508876 0.26417763157894736 0.12529585798816567 0.08677631578947367
3 0.5095968934911242 0.7414802631578947 0.003883136094674556 0.02006578947368421
1 0.5042529585798816 0.7419078947368422 0.0040680473372781065 0.02263157894736848
0 0.44069896449704143 0.6933552631578948 0.01290680473372776 0.011710526315789444
3 0.3791605029585799 0.6910526315789475 0.020229289940828378 0.014736842105263067
1 0.2837093195266272 0.6894736842105263 0.021264792899408285 0.014078947368421113
0 0.24674556213017754 0.6653947368421053 0.010798816568047312 0.016578947368421082
0 0.23213757396449705 0.6478618421052632 0.01353550295857989 0.017302631578947337
0 0.21335059171597637 0.6251644736842106 0.016863905325443795 0.024276315789473743
