0 0.39735576923076915 0.6136184210526316 0.01786242603550294 0.015000000000000045
0 0.3680473372781065 0.6106578947368422 0.0183431952662722 0.012631578947368376
0 0.3471153846153846 0.6085526315789473 0.012647928994082857 0.01118421052631579
0 0.34265902366863904 0.7072368421052632 0.0024778106508875487 0.012105263157894796
3 0.3391087278106509 0.7074342105263157 0.0032174556213017498 0.012894736842105204
3 0.6159023668639053 0.7178618421052633 0.00399408284023667 0.007039473684210556
3 0.5663276627218935 0.700921052631579 0.0025517751479289435 0.010921052631579038
1 0.5632951183431953 0.6986842105263158 0.002403846153846154 0.011973684210526195
3 0.5217085798816569 0.6773684210526315 0.008505917159763314 0.005657894736842195
1 0.5095599112426035 0.6772697368421053 0.008321005917159764 0.005986842105263098
