3 0.786815828402367 0.5459868421052632 0.0194896449704143 0.08473684210526312
0 0.7683062130177515 0.5533881578947369 0.01708579881656798 0.0775657894736842
1 0.728439349112426 0.6447368421052632 0.009393491124260389 0.03513157894736848
0 0.7078402366863905 0.6486184210526316 0.008801775147929061 0.031578947368421054
0 0.6894045857988166 0.654046052631579 0.007803254437869873 0.03230263157894738
0 0.6771079881656805 0.6523684210526315 0.007322485207100575 0.02460526315789472
0 0.6645525147928995 0.6524671052631579 0.007433431952662688 0.01993421052631576
1 0.7633505917159763 0.7216776315789474 0.005103550295858055 0.02638157894736836
1 0.7576738165680473 0.721907894736842 0.0052884615384616055 0.025394736842105203
0 0.3327662721893491 0.728125 0.003994082840236711 0.017434210526315788
1 0.34517381656804735 0.6956907894736841 0.018971893491124242 0.013355263157894707
3 0.38060281065088764 0.6943092105263158 0.007803254437869831 0.01125000000000009
