1 0.06832470414201183 0.5882565789473684 0.02015532544378698 0.07467105263157894
3 0.04593195266272189 0.5865460526315789 0.020710059171597628 0.0711184210526316
0 0.054252958579881654 0.655625 0.027662721893491123 0.05993421052631573
1 0.7144600591715977 0.5785526315789473 0.014423076923076924 0.06565789473684208
0 0.7014238165680474 0.5830263157894737 0.010909763313609468 0.0625
0 0.7067862426035503 0.6383552631578947 0.0080251479289941 0.02894736842105263
3 0.6880362426035503 0.6430921052631579 0.007729289940828436 0.029868421052631638
0 0.6712463017751479 0.645921052631579 0.006619822485207134 0.028026315789473698
0 0.660207100591716 0.6485197368421053 0.006434911242603584 0.02717105263157892
0 0.6482988165680473 0.6511842105263158 0.006878698224852037 0.029078947368421006
0 0.3448039940828402 0.6861184210526317 0.009208579881656796 0.011842105263157895
3 0.3590236686390532 0.6843092105263159 0.015680473372781056 0.01111842105263149
1 0.37679363905325447 0.6836513157894737 0.016900887573964515 0.012171052631578947
0 0.3366309171597633 0.7158552631578947 0.004326923076923094 0.0189473684210526
