1 0.49737426035502963 0.6570394736842106 0.012056213017751529 0.04513157894736844
1 0.48348742603550293 0.6653618421052631 0.007803254437869873 0.036118421052631564
3 0.4753513313609467 0.6658223684210526 0.0076553254437869995 0.036118421052631564
1 0.19269600591715974 0.6979276315789473 0.00551035502958579 0.021118421052631668
0 0.1844119822485207 0.6977631578947368 0.0064718934911242604 0.02013157894736851
1 0.10330991124260355 0.7122039473684211 0.006028106508875744 0.019144736842105204
1 0.1099852071005917 0.7126973684210528 0.006139053254437857 0.0189473684210526
0 0.08505917159763314 0.6398026315789473 0.014644970414201193 0.014078947368421113
1 0.060521449704142014 0.6357565789473685 0.0209689349112426 0.012302631578947398
1 0.031934171597633135 0.6330921052631578 0.021930473372781065 0.016184210526315804
