0 0.21771449704142012 0.6676315789473685 0.01124260355029585 0.02776315789473687
0 0.2485207100591716 0.6681578947368422 0.013165680473372748 0.02644736842105266
0 0.27603550295857987 0.6678618421052631 0.011464497041420118 0.025855263157894708
0 0.3065828402366864 0.6691776315789474 0.012499999999999983 0.03111842105263155
0 0.33716715976331363 0.6708881578947369 0.012500000000000025 0.031644736842105205
3 0.4060465976331361 0.6548684210526317 0.02074704142011831 0.015526315789473699
3 0.4326738165680474 0.6563157894736842 0.019785502958579882 0.01421052631578949
1 0.49090236686390537 0.7122039473684211 0.0064349112426034995 0.03019736842105269
3 0.49839127218934914 0.7140789473684211 0.006545857988165697 0.030657894736842196
0 0.7730029585798815 0.6955592105263158 0.013017751479290041 0.046776315789473624
0 0.7714866863905326 0.6340789473684211 0.009467455621301742 0.04789473684210531
1 0.7796042899408284 0.6334868421052632 0.011797337278106543 0.04618421052631582
3 0.7897559171597633 0.694342105263158 0.011760355029585867 0.04736842105263166
1 0.9961168639053254 0.7385197368421053 0.007766272189349112 0.050723684210526254
