3 0.027126479289940827 0.7081907894736841 0.007729289940828402 0.01598684210526313
1 0.02231878698224852 0.6951973684210526 0.005880177514792899 0.019342105263157956
0 0.19373150887573964 0.7061184210526317 0.010539940828402367 0.02381578947368424
0 0.2145155325443787 0.7039802631578947 0.008173076923076932 0.019802631578947308
0 0.23798076923076922 0.70625 0.010946745562130144 0.02131578947368427
0 0.26028106508875737 0.7067763157894738 0.00931952662721891 0.020921052631578917
1 0.31617973372781066 0.7029605263157894 0.013498520710059171 0.010263157894736783
3 0.3342085798816568 0.7033552631578947 0.012647928994082815 0.009078947368421023
0 0.5180658284023668 0.7091776315789474 0.006989644970414151 0.022039473684210525
3 0.5239644970414202 0.738421052631579 0.006730769230769248 0.020789473684210615
0 0.5160133136094674 0.7382236842105263 0.005695266272189383 0.020526315789473715
0 0.7979659763313609 0.6701315789473684 0.00658284023668629 0.02565789473684203
0 0.8055103550295859 0.6672039473684211 0.006508875739644936 0.027302631578947443
0 0.8133136094674556 0.6642763157894737 0.007174556213017785 0.02657894736842111
0 0.8214681952662722 0.6620723684210525 0.00787721893491131 0.026249999999999985
0 0.8309356508875739 0.659342105263158 0.00610207100591716 0.026184210526315834
0 0.840680473372781 0.6557236842105263 0.0061390532544378365 0.027894736842105246
0 0.7741309171597633 0.5328618421052632 0.030288461538461403 0.03677631578947367
1 0.8020155325443787 0.5147039473684211 0.0334689349112426 0.04032894736842102
0 0.828753698224852 0.496578947368421 0.0316198224852071 0.0375
1 0.8676960059171598 0.6079276315789474 0.030732248520710194 0.09809210526315791
1 0.9217270710059171 0.6268092105263158 0.02119082840236693 0.07677631578947372
0 0.909948224852071 0.6284868421052632 0.014275147928994217 0.07026315789473689
0 0.1697670118343195 0.7041776315789473 0.00950443786982248 0.02230263157894728
