0 0.1047707100591716 0.7022697368421051 0.011316568047337286 0.035986842105263185
1 0.14528476331360948 0.7511842105263159 0.0048446745562130055 0.009078947368421023
3 0.22555473372781065 0.7379934210526315 0.004142011834319543 0.013750000000000059
1 0.23006656804733724 0.7358552631578947 0.004585798816568039 0.016578947368420933
0 0.29990754437869827 0.7188815789473685 0.006249999999999992 0.014868421052631519
0 0.31673446745562134 0.7187828947368421 0.0060281065088757645 0.015855263157894678
0 0.3326923076923077 0.718453947368421 0.006360946745562147 0.014407894736842165
0 0.34746671597633133 0.7120065789473684 0.007877218934911268 0.025460526315789354
0 0.3654585798816568 0.7176973684210527 0.005917159763313609 0.014605263157894767
0 0.34894600591715974 0.7160526315789474 0.004992603550295858 0.015394736842105173
3 0.5259800295857988 0.7048026315789473 0.011279585798816568 0.008552631578947369
1 0.5406065088757396 0.7053947368421053 0.010576923076923043 0.007894736842105263
0 0.5913646449704142 0.6917434210526314 0.008173076923076889 0.030723684210526344
3 0.5797522189349112 0.7413157894736842 0.003957100591715993 0.015526315789473624
1 0.5830806213017752 0.7399342105263158 0.003143491124260355 0.014736842105263218
0 0.5989275147928994 0.6918092105263157 0.005177514792899409 0.02888157894736848
0 0.15001849112426036 0.6089144736842105 0.020673076923076936 0.019276315789473728
0 0.18341346153846155 0.6075 0.029696745562130183 0.021447368421052646
0 0.2232433431952663 0.605 0.031102071005917168 0.019999999999999987
0 0.0514792899408284 0.7108223684210525 0.007248520710059169 0.02124999999999997
0 0.09375 0.7014144736842106 0.008136094674556213 0.03467105263157898
