0 0.01974852071005917 0.33828947368421053 0.03949704142011834 0.05749999999999998
0 0.2951738165680473 0.6283881578947369 0.020081360946745546 0.0650657894736842
0 0.7558801775147929 0.7154605263157895 0.010207100591715942 0.035789473684210586
0 0.756508875739645 0.7580592105263158 0.009985207100591717 0.04256578947368409
0 0.7617788461538463 0.7151973684210525 0.01031804733727814 0.04276315789473684
0 0.7614460059171597 0.7589144736842105 0.01009615384615383 0.04506578947368421
3 0.6347078402366864 0.7313486842105263 0.0038091715976332034 0.015460526315789473
3 0.6355584319526628 0.7425328947368421 0.005288461538461521 0.008223684210526315
3 0.5675850591715976 0.7354934210526316 0.004992603550295858 0.007960526315789414
1 0.564848372781065 0.7237828947368422 0.007285502958579899 0.007960526315789564
0 0.464219674556213 0.7303947368421053 0.006028106508875807 0.021447368421052573
0 0.4567307692307692 0.7302631578947368 0.005991124260354962 0.02013157894736836
1 0.49306582840236685 0.6877631578947369 0.012906804733727845 0.008947368421052721
3 0.5096523668639052 0.6878618421052631 0.013017751479289958 0.01124999999999994
