0 0.2801405325443787 0.6348684210526315 0.030769230769230785 0.09881578947368416
0 0.8867418639053254 0.6793421052631579 0.021560650887574032 0.06144736842105262
0 0.8998150887573965 0.6087171052631579 0.01952662721893498 0.07138157894736842
0 0.8609097633136095 0.7116447368421052 0.014497041420118276 0.036052631578947336
0 0.9230399408284023 0.7146052631578946 0.0067307692307691635 0.019210526315789504
0 0.9166420118343197 0.7150657894736843 0.005029585798816534 0.013157894736842105
0 0.39371301775147927 0.6329276315789474 0.01449704142011836 0.058223684210526316
0 0.38295118343195267 0.6932236842105264 0.014127218934911217 0.054868421052631636
1 0.47742233727810646 0.7408223684210528 0.004696745562130194 0.00375000000000003
1 0.5637204142011835 0.7571381578947368 0.003254437869822468 0.008355263157894767
