0 0.9816013313609467 0.6720394736842106 0.009430473372781065 0.033289473684210466
1 0.8649593195266272 0.6350328947368421 0.01830621301775148 0.01888157894736845
0 0.8285133136094676 0.6902631578947369 0.01501479289940825 0.039736842105263216
1 0.8256102071005916 0.6425986842105263 0.01172337278106519 0.04296052631578944
0 0.8209874260355029 0.6448355263157896 0.012536982248520744 0.03809210526315788
1 0.289792899408284 0.735 0.004585798816568039 0.021447368421052573
1 0.2939534023668639 0.7333552631578948 0.005066568047337295 0.019736842105263157
1 0.554789201183432 0.7293750000000001 0.0040310650887573456 0.016907894736842136
1 0.5516272189349112 0.7299671052631579 0.004659763313609518 0.018486842105263097
0 0.5208949704142012 0.6851973684210526 0.008136094674556213 0.00868421052631567
1 0.5063609467455621 0.6849342105263158 0.012278106508875756 0.008947368421052721
1 0.4897559171597633 0.685 0.012795857988165647 0.008947368421052572
0 0.7588387573964498 0.6239144736842105 0.012500000000000067 0.054407894736842134
0 0.7698964497041421 0.6234210526315789 0.013017751479290041 0.054868421052631566
