0 0.8324149408284023 0.5428618421052631 0.029031065088757396 0.09032894736842102
0 0.8500369822485208 0.5446710526315789 0.027736686390532544 0.08894736842105266
1 0.8774223372781066 0.6642105263157894 0.01867603550295858 0.016184210526315804
1 0.896616124260355 0.6585526315789474 0.019119822485207202 0.018552631578947397
0 0.9147744082840238 0.6535197368421053 0.01238905325443787 0.016776315789473684
1 0.9734097633136096 0.6821381578947368 0.007914201183431986 0.02927631578947361
0 0.9673816568047338 0.6872368421052631 0.008062130177514691 0.018289473684210498
0 0.7962647928994082 0.7077631578947368 0.015088757396449772 0.04236842105263164
3 0.7227810650887574 0.7444078947368421 0.006582840236686374 0.02723684210526322
3 0.6044933431952663 0.7559539473684211 0.005214497041420085 0.015592105263157924
3 0.5080621301775148 0.7474013157894738 0.005399408284023635 0.007697368421052662
1 0.5045673076923076 0.7420065789473683 0.004548816568047321 0.02124999999999997
0 0.47252218934911244 0.7224013157894736 0.006508875739644936 0.006644736842105203
3 0.46338757396449703 0.7230921052631578 0.009985207100591717 0.007894736842105263
1 0.45003698224852073 0.7240460526315791 0.009985207100591717 0.007434210526315759
3 0.2832655325443787 0.7511842105263158 0.005436390532544353 0.008947368421052572
1 0.28010355029585804 0.7414473684210526 0.004659763313609476 0.008157894736842164
