3 0.12941937869822487 0.7285197368421052 0.006545857988165676 0.023881578947368393
1 0.12451923076923078 0.7266447368421053 0.006582840236686395 0.02407894736842099
0 0.19352810650887572 0.6421381578947368 0.01656804733727813 0.06059210526315791
0 0.7303624260355029 0.5895394736842106 0.01863905325443782 0.06499999999999997
0 0.7464497041420118 0.5925328947368421 0.011612426035502908 0.06467105263157892
1 0.8890532544378699 0.6137171052631579 0.019230769230769232 0.02124999999999997
1 0.869637573964497 0.6200657894736842 0.020118343195266137 0.02000000000000006
1 0.5419378698224853 0.6789802631578947 0.014940828402366813 0.01124999999999994
3 0.5622596153846153 0.6804934210526316 0.015421597633136112 0.01111842105263149
1 0.6164201183431953 0.7276315789473684 0.0052514792899408455 0.021842105263157774
3 0.6208579881656805 0.7272697368421052 0.0049556213017751816 0.02124999999999997
1 0.5517936390532544 0.7194736842105263 0.005510355029585833 0.007763157894736812
