0 0.195155325443787 0.6396052631578948 0.016124260355029594 0.057631578947368436
0 0.2497965976331361 0.703717105263158 0.010022189349112434 0.020855263157894766
0 0.2691937869822485 0.7045394736842105 0.007470414201183449 0.019736842105263157
0 0.2891272189349112 0.7031578947368422 0.00724852071005918 0.01631578947368418
0 0.31018860946745563 0.7047368421052632 0.008099112426035537 0.01749999999999994
0 0.33078772189349115 0.7036513157894737 0.007729289940828394 0.018486842105263097
3 0.12355769230769231 0.7236184210526316 0.007840236686390528 0.021842105263157923
1 0.13056582840236686 0.7232894736842106 0.007137573964497046 0.022236842105263128
0 0.7282359467455621 0.5868749999999999 0.015939349112426084 0.062171052631578946
0 0.7436205621301775 0.5895065789473684 0.014016272189349145 0.05796052631578949
0 0.8693971893491126 0.6174999999999999 0.020673076923076957 0.02078947368421054
0 0.8889607988165681 0.6116118421052632 0.017492603550295926 0.020986842105263144
3 0.6151442307692307 0.7255592105263158 0.005658284023668622 0.021118421052631668
1 0.6211168639053254 0.7247039473684211 0.005695266272189383 0.020197368421052662
3 0.5419193786982248 0.6763486842105264 0.015569526627218985 0.011644736842105293
1 0.56198224852071 0.6776644736842105 0.015606508875739661 0.01177631578947367
