0 0.9897189349112425 0.585953947368421 0.020562130177514758 0.025855263157894708
0 0.7541974852071006 0.47351973684210524 0.03472633136094678 0.10967105263157897
3 0.7631286982248521 0.7067434210526315 0.008136094674556213 0.030723684210526195
1 0.7309541420118343 0.6941118421052631 0.013905325443786948 0.009539473684210526
1 0.3695636094674556 0.5407565789473685 0.03202662721893488 0.02348684210526311
1 0.41712278106508877 0.5433223684210525 0.030325443786982247 0.023750000000000014
3 0.13333949704142012 0.7624013157894737 0.004844674556213026 0.01361842105263161
0 0.31188979289940827 0.7470065789473684 0.0026997041420118175 0.011776315789473744
1 0.3131656804733728 0.7363815789473684 0.004142011834319502 0.006184210526315849
0 0.49791050295857986 0.7427302631578948 0.003217455621301792 0.012171052631578947
1 0.5674926035502958 0.7401973684210525 0.0032544378698225523 0.005657894736842195
0 0.4597078402366865 0.7084868421052632 0.0091346153846154 0.01631578947368418
0 0.6100406804733729 0.7256907894736842 0.0038091715976331193 0.013486842105263158
0 0.13683431952662722 0.7629934210526316 0.004289940828402375 0.01230263157894725
