0 0.11593934911242604 0.6405592105263158 0.01849112426035503 0.012828947368421053
0 0.13651997041420116 0.6439144736842105 0.011501479289940816 0.01006578947368418
0 0.16190828402366864 0.6466776315789474 0.02137573964497042 0.011513157894736841
0 0.1919378698224852 0.6496052631578948 0.02056213017751478 0.010789473684210512
0 0.2504622781065089 0.7095394736842106 0.0029215976331361283 0.010263157894736783
0 0.25721153846153844 0.7103289473684211 0.003254437869822468 0.010789473684210587
1 0.30704511834319526 0.7097697368421052 0.009800295857988165 0.005723684210526346
1 0.3203587278106509 0.7112171052631581 0.0091346153846154 0.0050657894736842405
0 0.3311760355029586 0.7123026315789474 0.003920118343195233 0.0036842105263157295
1 0.42180103550295867 0.7040789473684209 0.0026997041420118175 0.016973684210526287
1 0.42732988165680474 0.7040131578947367 0.003402366863905258 0.017368421052631488
3 0.5116863905325444 0.7386842105263157 0.0034763313609466953 0.0059210526315789476
