0 0.00319896449704142 0.6050657894736843 0.00639792899408284 0.01671052631578946
0 0.03916420118343195 0.6093421052631579 0.02448224852071006 0.01671052631578946
0 0.07100591715976332 0.610296052631579 0.024704142011834324 0.0157236842105263
0 0.1029585798816568 0.6123684210526316 0.02381656804733729 0.015131578947368421
1 0.32202292899408286 0.7010526315789473 0.009578402366863938 0.0071052631578947065
1 0.337241124260355 0.7020723684210527 0.009615384615384616 0.007302631578947458
3 0.3524963017751479 0.7028618421052631 0.009726331360946729 0.006118421052631549
1 0.37531434911242606 0.7325 0.0034393491124260185 0.017763157894736842
1 0.42945636094674555 0.6860526315789474 0.0044008875739645304 0.014473684210526316
0 0.5612241124260355 0.6884539473684211 0.006693786982248487 0.00625
0 0.5700073964497042 0.6870065789473684 0.006582840236686374 0.007171052631579007
0 0.578125 0.6853289473684211 0.006545857988165613 0.00750000000000006
