0 0.18023298816568048 0.49164473684210525 0.03687130177514795 0.12184210526315785
0 0.25586168639053253 0.4976973684210526 0.038720414201183447 0.11197368421052635
1 0.04199334319526628 0.651875 0.006545857988165682 0.014802631578947368
0 0.25689718934911243 0.6612171052631579 0.004696745562130194 0.013618421052631535
1 0.5515902366863905 0.6195394736842106 0.012426035502958547 0.009736842105263203
3 0.5675295857988165 0.6205263157894737 0.012130177514792883 0.00934210526315785
1 0.6103735207100591 0.643453947368421 0.008616863905325426 0.011118421052631564
1 0.7126479289940828 0.6720394736842106 0.004289940828402334 0.01302631578947373
0 0.975573224852071 0.5880921052631579 0.017492603550295756 0.017368421052631564
3 0.6112610946745561 0.6540460526315789 0.004770710059171547 0.007434210526315759
