1 0.041845414201183435 0.6508881578947368 0.0064718934911242604 0.013749999999999984
0 0.255935650887574 0.6597039473684211 0.004548816568047362 0.009671052631578978
0 0.18099112426035502 0.4892434210526316 0.03483727810650887 0.09980263157894739
0 0.2577662721893491 0.5000657894736842 0.031730769230769215 0.10381578947368418
0 0.9940458579881657 0.5826315789473684 0.011908284023668572 0.013947368421052661
1 0.9760909763313611 0.5882894736842106 0.017788461538461506 0.013157894736842105
1 0.7126109467455621 0.6708552631578948 0.0040680473372781065 0.011578947368421067
1 0.6093010355029586 0.643782894736842 0.006619822485207134 0.00809210526315794
1 0.5671597633136094 0.6201644736842106 0.011760355029585782 0.008486842105263143
1 0.5516457100591716 0.6194407894736842 0.011723372781065106 0.008618421052631595
