0 0.9132396449704142 0.7135526315789473 0.0076923076923077595 0.0311842105263157
0 0.9034763313609467 0.7158881578947369 0.009689349112425968 0.02651315789473681
0 0.8027551775147928 0.7262828947368422 0.006619822485207134 0.02598684210526316
0 0.8002218934911244 0.7269736842105263 0.005843195266272088 0.023026315789473683
1 0.6241863905325443 0.7548684210526316 0.004585798816568081 0.011842105263157895
3 0.3878883136094674 0.7408881578947369 0.0040310650887573456 0.01651315789473693
1 0.3918454142011834 0.7401973684210525 0.003883136094674556 0.016578947368421082
3 0.31808431952662725 0.6901973684210526 0.017381656804733726 0.010921052631579038
1 0.3436390532544379 0.6933881578947367 0.017825443786982222 0.010328947368421083
0 0.3649778106508876 0.6955592105263158 0.009689349112426053 0.009539473684210526
