0 0.03186020710059172 0.4922697368421053 0.032655325443786985 0.035986842105263185
0 0.08489275147928994 0.4965131578947369 0.04604289940828402 0.03276315789473689
0 0.13881286982248522 0.5004605263157895 0.04693047337278108 0.03328947368421054
0 0.1952662721893491 0.5023026315789474 0.04815088757396451 0.0317105263157895
1 0.8476701183431954 0.669703947368421 0.013535502958579849 0.034407894736842075
0 0.24537721893491124 0.7314144736842105 0.004585798816568081 0.010460526315789533
0 0.24138313609467457 0.7317105263157895 0.003624260355029611 0.011578947368420993
1 0.37618343195266274 0.7286184210526315 0.0053994082840236775 0.013026315789473804
1 0.5553069526627219 0.7138486842105263 0.009948224852071039 0.007565789473684211
1 0.5687500000000001 0.7144407894736843 0.010428994082840254 0.007302631578947309
3 0.581508875739645 0.7153618421052631 0.009763313609467405 0.007565789473684211
1 0.604326923076923 0.7527631578947369 0.0034763313609466953 0.012763157894736902
1 0.8728920118343196 0.7424342105263158 0.008136094674556213 0.011315789473684092
