0 0.8335983727810652 0.6666118421052631 0.024445266272189316 0.050065789473684154
0 0.8667899408284024 0.7078289473684211 0.014423076923076924 0.03907894736842096
0 0.8239460059171597 0.6213815789473685 0.020081360946745463 0.02407894736842099
0 0.8487426035502958 0.6088815789473684 0.01849112426035503 0.01763157894736839
0 0.7952847633136094 0.6355921052631579 0.006915680473372882 0.01131578947368424
0 0.6115569526627219 0.7547697368421052 0.004548816568047321 0.011907894736842046
1 0.5336168639053255 0.7535855263157895 0.0031804733727811155 0.013750000000000059
1 0.5375369822485208 0.7531907894736841 0.002884615384615452 0.01125000000000009
0 0.5251109467455621 0.7075986842105263 0.008505917159763314 0.008618421052631518
1 0.49813239644970414 0.7075 0.016235207100591748 0.009210526315789473
1 0.470469674556213 0.7076973684210527 0.01601331360946744 0.00881578947368427
0 0.9285872781065089 0.7291447368421052 0.005103550295858055 0.031578947368421054
0 0.9754807692307692 0.7095723684210526 0.00628698224852071 0.017039473684210587
