0 0.7858912721893492 0.5950328947368422 0.035244082840236585 0.07874999999999996
0 0.8623890532544379 0.6439473684210526 0.023224852071005983 0.04815789473684206
1 0.723021449704142 0.716546052631579 0.008321005917159764 0.02624999999999991
0 0.8991863905325445 0.493453947368421 0.03372781065088751 0.04164473684210531
0 0.5612426035502959 0.7406578947368422 0.008653846153846104 0.02486842105263155
1 0.5111501479289942 0.7681250000000002 0.006545857988165697 0.020197368421052662
0 0.42174556213017755 0.6862171052631578 0.017529585798816517 0.014144736842105264
1 0.44474852071005916 0.6839144736842105 0.01886094674556213 0.014539473684210467
0 0.4672152366863905 0.6802960526315789 0.016087278106508875 0.013749999999999984
2 0.45055473372781063 0.7609539473684211 0.005917159763313609 0.004539473684210436
