1 0.6168269230769231 0.7673026315789475 0.0025887573964497044 0.0051315789473683916
3 0.6192307692307693 0.7721710526315788 0.0024408284023669144 0.0034210526315789774
1 0.5491494082840237 0.7520065789473684 0.0028106508875740148 0.013486842105263158
1 0.5449704142011834 0.7526315789473684 0.0025887573964497044 0.014736842105263218
0 0.40428994082840236 0.7825657894736842 0.002736686390532578 0.008421052631579067
0 0.40941198224852077 0.7817434210526316 0.0026997041420118175 0.009013157894736723
1 0.4314534023668639 0.7742105263157895 0.0076553254437869995 0.004605263157894736
1 0.4422707100591716 0.7730921052631579 0.0073964497041420114 0.004078947368421082
0 0.30236686390532547 0.7442763157894738 0.013683431952662722 0.009342105263157924
0 0.319008875739645 0.7447697368421052 0.011168639053254454 0.007960526315789414
0 0.36033653846153846 0.7419407894736842 0.015643491124260337 0.008355263157894617
0 0.34234467455621304 0.7434539473684211 0.013091715976331353 0.007302631578947309
0 0.13237795857988166 0.8192105263157895 0.004031065088757388 0.010789473684210587
0 0.12228180473372781 0.8069078947368421 0.003143491124260355 0.010526315789473684
0 0.4069341715976331 0.7680263157894738 0.0037352071005917666 0.013157894736842105
