1 0.980880177514793 0.7459868421052632 0.006952662721893391 0.022763157894736933
0 0.8895894970414201 0.738125 0.003217455621301876 0.02006578947368421
2 0.8938979289940828 0.7387828947368421 0.004437869822485207 0.01875
1 0.7061575443786982 0.7720065789473685 0.004548816568047321 0.013223684210526256
0 0.6406434911242603 0.7747368421052631 0.004437869822485207 0.013684210526315759
0 0.49114275147929 0.73 0.007507396449704125 0.007368421052631609
1 0.4720414201183432 0.7293421052631578 0.015310650887573914 0.007368421052631609
1 0.4490014792899408 0.7284539473684211 0.015902366863905327 0.008618421052631518
0 0.9733173076923078 0.7471381578947369 0.006619822485207134 0.018355263157894645
1 0.5149593195266272 0.7733223684210525 0.0037352071005916825 0.006776315789473655
1 0.5196930473372781 0.7734210526315789 0.0038091715976332034 0.006315789473684301
1 0.024445266272189348 0.7877631578947369 0.0050295857988165715 0.012105263157894647
