1 0.974112426035503 0.7453289473684211 0.007174556213017617 0.020921052631578917
1 0.8895894970414201 0.738125 0.003217455621301876 0.02006578947368421
3 0.8938979289940828 0.7387828947368421 0.004437869822485207 0.01875
1 0.7036612426035502 0.7730921052631579 0.005473372781065072 0.014342105263157864
0 0.6384615384615385 0.7754605263157893 0.004437869822485207 0.013684210526315759
1 0.5135539940828403 0.7742105263157896 0.003365384615384666 0.006447368421052602
1 0.5183801775147929 0.7746381578947369 0.0040680473372781065 0.007565789473684211
0 0.49014423076923075 0.73 0.007507396449704125 0.007368421052631609
1 0.4709319526627219 0.73 0.015310650887573914 0.007368421052631609
1 0.44722633136094675 0.730625 0.015902366863905327 0.008618421052631518
0 0.4010170118343195 0.7770065789473686 0.00417899408284022 0.009671052631578978
0 0.3954511834319526 0.7782894736842105 0.0033284023668639054 0.008157894736842164
0 0.9678069526627219 0.7465131578947367 0.0044008875739645304 0.020921052631578917
