0 0.34280695266272193 0.6130263157894736 0.0346523668639053 0.01947368421052633
0 0.3035872781065089 0.6105592105263158 0.03505917159763312 0.01875
0 0.270155325443787 0.6092105263157894 0.018713017751479256 0.01763157894736839
0 0.24426775147928995 0.6879605263157895 0.012647928994082857 0.03355263157894737
0 0.6534578402366864 0.7389802631578948 0.005362426035502958 0.015460526315789473
1 0.5548631656804733 0.7597368421052633 0.0027736686390532543 0.008684210526315819
1 0.5032544378698226 0.7467763157894737 0.002884615384615368 0.010789473684210437
1 0.5061760355029586 0.746875 0.0024408284023668303 0.010197368421052632
1 0.49759615384615385 0.7251973684210526 0.0049556213017751816 0.005657894736842046
0 0.49079142011834315 0.7249013157894736 0.005399408284023719 0.005197368421052542
1 0.4849112426035503 0.7245065789473685 0.003550295857988132 0.006644736842105203
1 0.47507396449704137 0.7239473684210527 0.008357988165680523 0.005789473684210496
0 0.413646449704142 0.7484539473684211 0.005547337278106509 0.001644736842105263
0 0.40748890532544374 0.7482565789473684 0.00417899408284022 0.0011184210526316088
3 0.4373335798816568 0.7509868421052631 0.00225591715976328 0.0018421052631580144
0 0.4015532544378698 0.7482894736842106 0.00421597633136098 0.001973684210526316
0 0.4345599112426036 0.7510526315789473 0.00210798816568049 0.0013157894736842105
0 0.4310465976331362 0.7508552631578947 0.0019600591715976164 0.0013157894736842105
0 0.4326923076923077 0.7509539473684211 0.001035502958579949 0.0013815789473683611
