1 0.9155325443786982 0.5913157894736841 0.01952662721893498 0.02315789473684206
3 0.8868897928994082 0.6006907894736842 0.03221153846153843 0.026644736842105263
0 0.8566383136094674 0.6112171052631579 0.030436390532544447 0.02440789473684212
1 0.5416974852071006 0.7167434210526316 0.003883136094674556 0.009802631578947429
0 0.5456360946745562 0.7188815789473683 0.0031065088757395946 0.01499999999999997
0 0.5336908284023668 0.6788157894736844 0.013979289940828386 0.01000000000000003
0 0.5157729289940829 0.6778618421052631 0.018602071005917143 0.011381578947368392
1 0.49454511834319526 0.6769736842105263 0.018897928994082807 0.010921052631578887
0 0.10955991124260354 0.727532894736842 0.006619822485207092 0.020197368421052662
0 0.3971153846153846 0.7328289473684211 0.006434911242603584 0.002631578947368421
0 0.38949704142011826 0.7327302631578947 0.005991124260355046 0.0025657894736842704
0 0.38202662721893493 0.7324342105263159 0.005473372781065156 0.0031578947368420753
3 0.4278476331360947 0.7377302631578947 0.0022189349112426036 0.002039473684210616
0 0.42464866863905326 0.7376973684210526 0.0027736686390532543 0.001710526315789414
0 0.4223372781065089 0.737532894736842 0.0009615384615384279 0.001644736842105263
0 0.42011834319526625 0.7375328947368422 0.002662721893491057 0.0015131578947368122
3 0.4367418639053254 0.7543421052631578 0.0017381656804733895 0.002763157894736872
0 0.3999630177514793 0.7508881578947367 0.002736686390532578 0.0017763157894737141
0 0.3944156804733728 0.7503947368421052 0.0015532544378697552 0.0013157894736842105
1 0.4097078402366864 0.7521710526315789 0.0012204142011834152 0.001973684210526316
3 0.4059541420118343 0.7521052631578946 0.0011834319526627386 0.0018421052631578648
