1 0.8818417159763313 0.5684868421052631 0.017233727810651023 0.05249999999999997
0 0.867400147928994 0.5742105263157894 0.011279585798816568 0.04368421052631578
1 0.9161242603550295 0.7180263157894737 0.005547337278106509 0.01618421052631588
0 0.9106508875739644 0.7197039473684209 0.004289940828402334 0.01756578947368424
3 0.5678809171597633 0.6968421052631579 0.010539940828402367 0.00881578947368427
1 0.5529215976331361 0.6957236842105263 0.010355029585798817 0.007763157894736962
1 0.5381841715976331 0.6949013157894737 0.01098372781065082 0.007960526315789414
1 0.5941198224852071 0.7427631578947368 0.0038461538461538798 0.020657894736842167
0 0.11303624260355029 0.5324671052631579 0.0301405325443787 0.08401315789473687
1 0.33785133136094675 0.7059539473684212 0.003957100591715951 0.010986842105263187
1 0.17091346153846154 0.7036513157894738 0.00380917159763314 0.00874999999999997
