1 0.14069896449704142 0.7468092105263159 0.005584319526627227 0.019407894736842107
3 0.6024223372781066 0.7371710526315789 0.005510355029585833 0.020921052631579066
2 0.6074704142011834 0.7372368421052631 0.004142011834319543 0.020657894736842014
0 0.5909578402366864 0.6871052631578948 0.010909763313609468 0.010526315789473684
1 0.5729289940828403 0.6861513157894737 0.02019230769230766 0.01243421052631585
3 0.5500739644970415 0.6844407894736841 0.020340236686390532 0.012565789473684301
0 0.6995931952662722 0.7636184210526314 0.004289940828402334 0.013947368421052661
1 0.7088942307692307 0.7614802631578947 0.003883136094674556 0.014802631578947368
3 0.4847263313609468 0.7712171052631579 0.0016272189349112762 0.002302631578947368
3 0.4755917159763314 0.7550657894736841 0.003994082840236754 0.0021052631578947667
0 0.4685281065088758 0.7544407894736842 0.0035502958579882163 0.001644736842105263
0 0.4725591715976331 0.7547039473684211 0.0012573964497041756 0.0013815789473685107
0 0.44548816568047334 0.7500328947368421 0.005991124260355046 0.0025657894736842704
0 0.43785133136094667 0.75 0.006028106508875723 0.002894736842105323
0 0.4306028106508875 0.7498684210526315 0.005140532544378648 0.003289473684210526
