1 0.5753328402366863 0.7362171052631579 0.003624260355029569 0.012828947368421053
3 0.5406989644970414 0.7333223684210527 0.00610207100591716 0.004407894736842135
1 0.5322485207100592 0.7325986842105263 0.0061390532544378365 0.0046710526315788875
1 0.5239644970414201 0.7319736842105262 0.006434911242603584 0.004868421052631489
1 0.5544933431952662 0.7581249999999999 0.0030695266272189182 0.0124342105263157
1 0.41344304733727805 0.7407565789473683 0.0030695266272189182 0.007434210526315759
0 0.3260170118343195 0.689111842105263 0.013202662721893466 0.010328947368421083
0 0.34225221893491126 0.6894407894736841 0.011279585798816568 0.00874999999999997
0 0.3589497041420118 0.6907565789473683 0.012130177514792883 0.01006578947368418
0 0.3734837278106509 0.6910855263157893 0.012204142011834361 0.007434210526315759
0 0.4342085798816568 0.7308552631578948 0.0052514792899408455 0.016578947368421082
1 0.33951553254437866 0.7434868421052631 0.002255917159763322 0.004736842105263188
