1 0.4762019230769231 0.7445723684210527 0.005732248520710059 0.02256578947368433
0 0.495469674556213 0.7627631578947369 0.003883136094674556 0.009473684210526226
3 0.4385170118343195 0.7464802631578948 0.0064718934911242604 0.005723684210526346
1 0.42934541420118344 0.7461513157894737 0.006250000000000033 0.0046710526315790375
1 0.4205621301775147 0.7457894736842104 0.006213017751479273 0.004078947368421082
1 0.4524593195266272 0.7683223684210526 0.0036612426035503294 0.011776315789473595
0 0.20170118343195265 0.6893092105263158 0.019304733727810667 0.011644736842105144
0 0.22488905325443784 0.6908881578947369 0.013091715976331353 0.010460526315789384
0 0.24093934911242604 0.6919736842105264 0.014349112426035485 0.010657894736842135
0 0.25804363905325445 0.6925328947368422 0.013202662721893507 0.009671052631578978
