0 0.058579881656804736 0.45809210526315786 0.044822485207100596 0.032631578947368435
0 0.11486686390532545 0.46815789473684205 0.058579881656804736 0.032631578947368435
0 0.18437499999999998 0.47911184210526314 0.055732248520710057 0.032039473684210555
0 0.1196190828402367 0.6230592105263157 0.017270710059171593 0.014934210526315744
0 0.13698224852071006 0.6303618421052632 0.01664201183431953 0.01309210526315788
0 0.07376109467455622 0.6727631578947368 0.01164940828402367 0.032105263157894706
0 0.06022559171597633 0.6705921052631578 0.011945266272189354 0.03394736842105257
0 0.10160872781065089 0.6893092105263158 0.012167159763313602 0.02374999999999994
1 0.16486686390532546 0.7057894736842105 0.0053994082840236775 0.014736842105263218
0 0.18838757396449704 0.7080263157894737 0.005917159763313609 0.013421052631579007
0 0.2596708579881657 0.7106250000000001 0.00610207100591716 0.020197368421052662
0 0.26359097633136097 0.7104934210526316 0.005288461538461521 0.020328947368421113
0 0.29521079881656803 0.6822368421052631 0.009282544378698191 0.02999999999999994
0 0.3115014792899408 0.6848355263157895 0.008505917159763314 0.029671052631578963
1 0.48261834319526625 0.6809868421052631 0.013387573964496973 0.007894736842105263
1 0.5010355029585799 0.6830263157894736 0.01375739644970416 0.007368421052631609
1 0.7594859467455621 0.6933223684210525 0.017492603550295926 0.07019736842105266
0 0.7468750000000001 0.6915131578947368 0.006767751479289924 0.06499999999999997
