3 0.5012204142011835 0.7125986842105264 0.011834319526627219 0.007434210526315759
0 0.5147744082840237 0.7139802631578948 0.006545857988165697 0.007302631578947309
1 0.4859097633136095 0.7106907894736842 0.01242603550295863 0.007302631578947309
1 0.5349112426035503 0.7617763157894737 0.0036982248520710057 0.01236842105263155
3 0.5377218934911243 0.7669407894736842 0.003476331360946779 0.005328947368420993
0 0.6004622781065089 0.7547697368421052 0.006028106508875723 0.015328947368421173
0 0.11007766272189348 0.6012171052631579 0.018454142011834332 0.018092105263157895
0 0.13694526627218934 0.604046052631579 0.032840236686390537 0.018092105263157895
0 0.17165310650887572 0.6080921052631578 0.03228550295857988 0.018684210526315775
3 0.1203957100591716 0.7270394736842105 0.0047707100591715896 0.012236842105263247
0 0.31573594674556216 0.7205263157894736 0.0076553254437869995 0.02776315789473687
0 0.3268860946745562 0.7218092105263159 0.009615384615384616 0.028618421052631578
