0 0.9599852071005918 0.5161184210526316 0.03002958579881667 0.08342105263157892
1 0.9514607988165681 0.43111842105263154 0.028957100591716044 0.08421052631578947
1 0.6782544378698225 0.6471710526315789 0.011612426035502992 0.05092105263157893
0 0.6689349112426035 0.6520065789473684 0.0061390532544378365 0.047697368421052634
0 0.5927144970414201 0.6567434210526316 0.008653846153846187 0.030460526315789445
0 0.5633875739644971 0.7205263157894737 0.0036982248520710057 0.014078947368421113
1 0.5666605029585798 0.7205592105263158 0.0026257396449703807 0.013750000000000059
1 0.5645155325443787 0.7366776315789474 0.002995562130177481 0.012828947368421053
0 0.5611131656804734 0.7383881578947368 0.003143491124260355 0.008486842105263069
1 0.5063609467455622 0.7035526315789474 0.0038461538461538798 0.007368421052631609
0 0.5061575443786983 0.6845394736842105 0.004400887573964446 0.02118421052631567
1 0.18465236686390532 0.7311184210526317 0.0042159763313609384 0.01499999999999997
0 0.18879437869822485 0.7317763157894738 0.005177514792899409 0.013289473684210556
0 0.16519970414201185 0.7083223684210527 0.007470414201183427 0.022960526315789383
0 0.1586353550295858 0.7082565789473685 0.00343934911242604 0.022828947368421084
0 0.1638498520710059 0.678717105263158 0.007285502958579877 0.01782894736842107
0 0.030196005917159766 0.7082565789473684 0.009060650887573964 0.017828947368420993
0 0.03228550295857988 0.6837828947368421 0.009393491124260358 0.02690789473684209
0 0.03448594674556213 0.6562828947368421 0.00950443786982248 0.02440789473684212
