0 0.8824519230769231 0.5441776315789474 0.025258875739645036 0.07256578947368418
0 0.8752218934911244 0.47240131578947364 0.02204142011834316 0.06967105263157894
1 0.6448224852071005 0.6509868421052631 0.010355029585798817 0.04223684210526319
0 0.6400517751479289 0.6637828947368422 0.008062130177514776 0.02598684210526316
0 0.5819526627218935 0.6501644736842105 0.007766272189349112 0.029539473684210588
3 0.5576183431952663 0.7086513157894737 0.003476331360946779 0.015855263157894827
1 0.5610761834319526 0.7085855263157896 0.0027736686390532543 0.014276315789473713
1 0.5590976331360946 0.7243092105263157 0.0033284023668639054 0.014276315789473713
0 0.555621301775148 0.725592105263158 0.0029585798816568047 0.009210526315789473
1 0.5031434911242604 0.6984539473684211 0.003550295857988132 0.01888157894736845
3 0.503439349112426 0.6741118421052632 0.004289940828402334 0.020065789473684287
0 0.05386464497041419 0.699703947368421 0.008173076923076922 0.020723684210526314
0 0.05673076923076923 0.674703947368421 0.008210059171597629 0.02401315789473684
0 0.05832100591715976 0.6479276315789473 0.009023668639053257 0.023618421052631563
0 0.183801775147929 0.6978618421052631 0.005621301775147945 0.020986842105263217
0 0.1780510355029586 0.7016447368421053 0.003957100591715972 0.01381578947368421
0 0.1824889053254438 0.6675328947368421 0.005362426035502958 0.013355263157894707
