0 0.9599852071005918 0.5161184210526316 0.03002958579881667 0.08342105263157892
1 0.9514607988165681 0.43111842105263154 0.028957100591716044 0.08421052631578947
1 0.6782544378698225 0.6471710526315789 0.011612426035502992 0.05092105263157893
0 0.6689349112426035 0.6520065789473684 0.0061390532544378365 0.047697368421052634
1 0.18465236686390532 0.7311184210526317 0.0042159763313609384 0.01499999999999997
0 0.18879437869822485 0.7317763157894738 0.005177514792899409 0.013289473684210556
0 0.16519970414201185 0.7083223684210527 0.007470414201183427 0.022960526315789383
0 0.1586353550295858 0.7082565789473685 0.00343934911242604 0.022828947368421084
0 0.1638498520710059 0.678717105263158 0.007285502958579877 0.01782894736842107
0 0.030196005917159766 0.7082565789473684 0.009060650887573964 0.017828947368420993
0 0.03228550295857988 0.6837828947368421 0.009393491124260358 0.02690789473684209
0 0.03448594674556213 0.6562828947368421 0.00950443786982248 0.02440789473684212
0 0.5925665680473373 0.6558881578947369 0.007914201183431986 0.030328947368421066
1 0.5633136094674556 0.7197697368421052 0.002662721893491141 0.015723684210526376
1 0.5666605029585798 0.7208223684210527 0.0029215976331361283 0.014013157894736812
1 0.564534023668639 0.7370065789473684 0.002884615384615452 0.014407894736842165
0 0.5612980769230769 0.738421052631579 0.0029215976331361283 0.009473684210526226
1 0.5061760355029585 0.7103289473684211 0.004142011834319543 0.020789473684210465
1 0.5064718934911243 0.6845394736842105 0.0040680473372781065 0.020526315789473566
