1 0.9880917159763314 0.6176973684210526 0.02381656804733731 0.031578947368421054
0 0.9354844674556214 0.626907894736842 0.05136834319526631 0.03342105263157892
1 0.7808616863905324 0.7332894736842105 0.009652366863905292 0.028026315789473774
0 0.7716531065088758 0.7332236842105263 0.006693786982248487 0.0251315789473683
0 0.6593195266272189 0.7338157894736843 0.007914201183431986 0.025789473684210557
1 0.46714127218934914 0.7436184210526315 0.0055103550295857485 0.018157894736842047
1 0.20845044378698227 0.6943750000000001 0.0051405325443786894 0.01769736842105269
3 0.20269970414201186 0.6938486842105264 0.005917159763313609 0.018618421052631548
0 0.17790310650887575 0.6391776315789474 0.01201923076923077 0.011118421052631564
1 0.15257026627218934 0.6331578947368421 0.0213387573964497 0.01421052631578949
3 0.12198594674556214 0.6251973684210526 0.0213387573964497 0.014342105263157939
0 0.04898298816568047 0.6755921052631579 0.006545857988165687 0.01236842105263155
0 0.2906804733727811 0.7166447368421053 0.005325443786982282 0.011578947368420993
