0 0.16660502958579881 0.5350328947368421 0.022559171597633137 0.06124999999999994
0 0.1888498520710059 0.5360197368421052 0.020303254437869834 0.059539473684210524
0 0.22551775147928993 0.5397368421052632 0.01960059171597633 0.06486842105263159
0 0.2608173076923077 0.5363815789473684 0.02437130177514796 0.026842105263157938
0 0.2996671597633136 0.5378947368421052 0.0183431952662722 0.06092105263157896
0 0.138646449704142 0.6318750000000001 0.0099112426035503 0.03440789473684215
0 0.1466715976331361 0.6372697368421053 0.007914201183431965 0.016513157894736858
0 0.15939349112426035 0.6400986842105263 0.009689349112426053 0.032434210526315836
3 0.7114644970414201 0.7483223684210525 0.004437869822485207 0.015592105263157924
0 0.707914201183432 0.7486842105263158 0.0040680473372781065 0.014078947368421113
3 0.567030325443787 0.6924671052631579 0.004844674556212984 0.02138157894736842
3 0.548705621301775 0.6916776315789473 0.004511834319526644 0.02243421052631588
1 0.5175480769230769 0.690625 0.004992603550295858 0.02361842105263164
0 0.5330621301775148 0.6920394736842106 0.006582840236686374 0.009736842105263129
0 0.7422152366863904 0.6270394736842105 0.01083579881656803 0.046578947368421025
0 0.7315273668639054 0.6382894736842105 0.010244082840236703 0.0405263157894737
