0 0.3199149408284023 0.4756907894736842 0.01889792899408285 0.08072368421052627
0 0.340310650887574 0.4756907894736842 0.020931952662721902 0.07348684210526311
0 0.3895155325443787 0.4770723684210527 0.02037721893491121 0.07440789473684212
0 0.45220044378698226 0.47703947368421057 0.018823964497041455 0.07092105263157891
0 0.5149408284023669 0.477828947368421 0.020636094674556196 0.08210526315789478
1 0.6052514792899408 0.7075657894736842 0.004511834319526644 0.020263157894736962
1 0.6206915680473373 0.7100986842105262 0.004474852071005967 0.021644736842105175
1 0.6375 0.7109539473684211 0.003920118343195233 0.020460526315789564
1 0.6547337278106509 0.7119407894736842 0.004142011834319543 0.020855263157894766
1 0.6723557692307693 0.7134539473684209 0.004696745562130194 0.020592105263157866
0 0.7987610946745561 0.7610197368421052 0.004178994082840304 0.014144736842105264
0 0.795155325443787 0.7601315789473685 0.003772189349112359 0.0125
