0 0.9757581360946745 0.5239144736842105 0.020007396449704107 0.058355263157894764
1 0.9262019230769231 0.5340131578947369 0.01305473372781055 0.015000000000000045
0 0.9346708579881656 0.5721381578947369 0.02281804733727804 0.05980263157894735
0 0.6548816568047338 0.709967105263158 0.005399408284023635 0.02532894736842105
1 0.6626664201183432 0.7100657894736842 0.005066568047337295 0.028552631578947427
1 0.5510724852071005 0.6715131578947369 0.005621301775147945 0.02631578947368421
3 0.5272374260355029 0.6721052631578947 0.0055103550295857485 0.027894736842105246
3 0.2358173076923077 0.7185526315789474 0.005806213017751496 0.02605263157894731
0 0.24323224852071007 0.7186184210526315 0.00761834319526628 0.025921052631579008
1 0.031767751479289945 0.6266447368421053 0.015976331360946748 0.04500000000000006
