0 0.9757581360946745 0.5239144736842105 0.020007396449704107 0.058355263157894764
1 0.9262019230769231 0.5340131578947369 0.01305473372781055 0.015000000000000045
1 0.9359837278106509 0.5807565789473684 0.025443786982248588 0.07703947368421046
0 0.6548816568047338 0.709967105263158 0.005399408284023635 0.02532894736842105
1 0.6626664201183432 0.7100657894736842 0.005066568047337295 0.028552631578947427
1 0.5510724852071005 0.6715131578947369 0.005621301775147945 0.02631578947368421
3 0.5272374260355029 0.6721052631578947 0.0055103550295857485 0.027894736842105246
0 0.24243713017751478 0.7152960526315789 0.0060281065088757645 0.019276315789473805
1 0.031767751479289945 0.6266447368421053 0.015976331360946748 0.04500000000000006
0 0.23596523668639052 0.7140131578947368 0.005584319526627227 0.018026315789473744
