0 0.030454881656804732 0.626578947368421 0.014829881656804737 0.04342105263157895
1 0.23613165680473372 0.7184868421052631 0.007914201183431986 0.02763157894736842
0 0.24363905325443785 0.7194407894736842 0.0053994082840236775 0.02638157894736836
0 0.9766457100591716 0.5244407894736842 0.018749999999999933 0.05638157894736845
3 0.9372041420118342 0.5799342105263158 0.022781065088757362 0.07315789473684213
1 0.9280325443786981 0.5339802631578947 0.010872781065088792 0.01756578947368424
1 0.6621116863905325 0.7098684210526316 0.005288461538461521 0.02657894736842111
0 0.6550295857988165 0.7098026315789474 0.005177514792899409 0.02526315789473675
1 0.5510724852071005 0.6711842105263158 0.005473372781065072 0.02657894736842111
1 0.5268306213017752 0.6719736842105264 0.005510355029585833 0.02697368421052639
