1 0.030454881656804732 0.626578947368421 0.014829881656804737 0.04342105263157895
1 0.23613165680473372 0.7184868421052631 0.007914201183431986 0.02763157894736842
0 0.24363905325443785 0.7194407894736842 0.0053994082840236775 0.02638157894736836
1 0.5510724852071005 0.6711842105263158 0.005473372781065072 0.02657894736842111
1 0.5268306213017752 0.6719736842105264 0.005510355029585833 0.02697368421052639
0 0.9769045857988167 0.5251315789473685 0.016383136094674455 0.05960526315789475
3 0.9378698224852071 0.5795723684210526 0.018269230769230635 0.06927631578947373
0 0.9273483727810652 0.5315131578947369 0.010835798816567946 0.017500000000000016
1 0.662185650887574 0.7094078947368422 0.004844674556212984 0.029078947368421083
0 0.6549741124260355 0.7092105263157895 0.004622781065088758 0.024210526315789592
