1 0.11151997041420117 0.6886184210526316 0.006176035502958576 0.020657894736842167
0 0.11902736686390533 0.6887828947368422 0.006915680473372777 0.01875
1 0.4179178994082841 0.5955263157894737 0.01009615384615383 0.035921052631578965
1 0.4444711538461538 0.5980921052631578 0.010244082840236703 0.035921052631578965
1 0.4725591715976331 0.6000328947368421 0.00872781065088754 0.03572368421052636
1 0.5303994082840237 0.6856907894736842 0.00628698224852071 0.023092105263157834
0 0.7111131656804733 0.5816776315789474 0.024149408284023652 0.07664473684210527
0 0.8966900887573965 0.4751973684210526 0.016457100591715977 0.062236842105263174
0 0.9249260355029586 0.4510197368421052 0.019156804733727877 0.07125000000000005
0 0.9528846153846156 0.42684210526315786 0.022411242603550263 0.07815789473684215
0 0.49556213017751477 0.7029276315789474 0.0036982248520710057 0.015723684210526376
