1 0.11161242603550295 0.6877960526315788 0.005991124260355025 0.021907894736842074
0 0.11974852071005916 0.6891776315789475 0.006730769230769227 0.018223684210526347
1 0.5299371301775148 0.6846381578947369 0.006767751479289924 0.02309210526315791
1 0.4722078402366864 0.6005263157894737 0.007581360946745562 0.033815789473684195
1 0.4447855029585799 0.5983881578947368 0.008505917159763314 0.03519736842105263
1 0.41793639053254433 0.5948026315789474 0.00857988165680475 0.03500000000000003
0 0.7110022189349112 0.5816118421052632 0.022226331360946712 0.07703947368421055
0 0.9526257396449703 0.4275986842105263 0.023446745562130212 0.08032894736842107
0 0.9249630177514793 0.45062500000000005 0.02063609467455628 0.07164473684210525
0 0.8971338757396451 0.4761513157894737 0.018897928994082807 0.06414473684210527
