1 0.6370747041420118 0.6246381578947369 0.01719674556213018 0.07638157894736844
0 0.9263313609467456 0.5340460526315789 0.015606508875739746 0.060592105263157836
0 0.9122781065088758 0.5413815789473684 0.012499999999999898 0.05592105263157895
0 0.9008136094674557 0.5485526315789473 0.012795857988165647 0.05513157894736847
1 0.4792159763313609 0.6845723684210526 0.005695266272189383 0.018486842105263097
0 0.376146449704142 0.6817434210526315 0.004807692307692308 0.017565789473684167
1 0.08147189349112427 0.6563157894736842 0.006213017751479284 0.02078947368421054
0 0.08781434911242603 0.6564473684210526 0.005880177514792901 0.01697368421052636
3 0.2939349112426035 0.607796052631579 0.006360946745562105 0.02993421052631579
1 0.3442862426035503 0.6088815789473684 0.006176035502958555 0.02842105263157898
1 0.319582100591716 0.6087171052631579 0.007581360946745562 0.030328947368420994
