0 0.216771449704142 0.6870723684210526 0.0030695266272189182 0.010197368421052632
0 0.19866863905325446 0.6547368421052632 0.003772189349112401 0.012236842105263173
0 0.21103920118343197 0.6578289473684211 0.003365384615384624 0.011447368421052616
0 0.2055843195266272 0.6571052631578947 0.003624260355029569 0.012894736842105278
0 0.26107618343195266 0.6523684210526316 0.003365384615384624 0.015921052631578978
0 0.2740199704142012 0.6524671052631579 0.0032174556213017498 0.014671052631578918
0 0.2863165680473373 0.6529934210526316 0.0040680473372781065 0.014144736842105264
0 0.23738905325443785 0.6891776315789475 0.0040680473372781065 0.010986842105263187
1 0.26667899408284024 0.6951315789473683 0.0033284023668639054 0.0059210526315789476
0 0.4409023668639053 0.7036184210526316 0.0040680473372781065 0.010131578947368481
1 0.42812500000000003 0.7057565789473684 0.0035872781065088926 0.007039473684210406
3 0.35223742603550295 0.6751973684210526 0.0024778106508875487 0.010394736842105307
1 0.3629437869822485 0.6748355263157895 0.0022928994082840404 0.011513157894736841
1 0.3732248520710059 0.6753618421052632 0.0022928994082839983 0.01124999999999994
