0 0.5652366863905326 0.5321052631578947 0.015310650887573914 0.06592105263157891
0 0.5840976331360948 0.5360526315789473 0.014866863905325461 0.06447368421052632
0 0.7154585798816567 0.6622697368421052 0.009023668639053205 0.030460526315789445
0 0.6623520710059172 0.7378947368421052 0.0038461538461538798 0.01118421052631579
3 0.668380177514793 0.737796052631579 0.004511834319526644 0.01611842105263158
0 0.12518491124260356 0.7388486842105263 0.004289940828402375 0.01875
3 0.11875000000000001 0.7392105263157894 0.005399408284023656 0.020789473684210615
0 0.0032914201183431952 0.7113815789473684 0.0065828402366863905 0.025
3 0.3698224852071006 0.6810526315789474 0.005769230769230736 0.024605263157894797
3 0.3617048816568047 0.6817105263157895 0.005732248520710059 0.024473684210526273
