1 0.6595229289940828 0.6168750000000001 0.01719674556213018 0.07638157894736844
0 0.9526997041420118 0.5289144736842105 0.015606508875739578 0.06059210526315791
0 0.9383505917159763 0.5366118421052631 0.015088757396449604 0.06032894736842108
0 0.9243713017751479 0.5425657894736843 0.012795857988165816 0.05513157894736847
1 0.4845784023668639 0.6854276315789473 0.005695266272189383 0.01848684210526325
0 0.3800665680473373 0.683125 0.004807692307692308 0.01756578947368424
1 0.07729289940828403 0.6586184210526315 0.006065088757396441 0.02078947368421054
0 0.08489275147928994 0.6584868421052631 0.005880177514792901 0.016973684210526287
1 0.294896449704142 0.6088486842105263 0.006360946745562147 0.02993421052631579
1 0.3459874260355029 0.6097368421052631 0.006176035502958555 0.028421052631578902
1 0.32170857988165685 0.6091776315789474 0.00724852071005918 0.030328947368421066
