0 0.1029585798816568 0.574078947368421 0.021005917159763316 0.06078947368421051
0 0.21797337278106507 0.5746052631578948 0.01849112426035503 0.05684210526315788
0 0.2821560650887574 0.5751644736842105 0.01771449704142011 0.057039473684210557
0 0.1856508875739645 0.6786513157894738 0.009319526627218952 0.028092105263157925
0 0.1933062130177515 0.6838486842105264 0.008136094674556234 0.026381578947368436
0 0.21187130177514796 0.6974342105263157 0.006508875739644979 0.022236842105263128
0 0.07187500000000001 0.7379276315789475 0.009282544378698222 0.023092105263157983
0 0.5467270710059171 0.6100657894736842 0.008394970414201201 0.04131578947368426
0 0.5337093195266273 0.6360197368421052 0.007359467455621251 0.03217105263157901
0 0.5289940828402367 0.6480592105263158 0.007248520710059222 0.026381578947368436
0 0.5542899408284024 0.7314144736842105 0.005621301775147945 0.020723684210526314
3 0.49437869822485214 0.765625 0.003402366863905342 0.010723684210526436
