0 0.11018860946745562 0.5743421052631579 0.02015532544378698 0.05802631578947372
0 0.21995192307692307 0.5746381578947368 0.01830621301775148 0.05638157894736837
0 0.28200813609467457 0.5765789473684211 0.016974852071005908 0.05473684210526319
0 0.537758875739645 0.6101315789473685 0.007914201183431903 0.0411842105263158
0 0.5259985207100593 0.6346381578947369 0.006952662721893474 0.03125
0 0.5214312130177515 0.6442763157894736 0.005880177514792933 0.02671052631578949
0 0.5457100591715977 0.7284868421052633 0.005621301775147945 0.024210526315789443
0 0.07618343195266272 0.7298684210526316 0.011908284023668635 0.02118421052631582
0 0.209948224852071 0.6933223684210525 0.006730769230769205 0.023355263157894737
0 0.19297337278106508 0.6782894736842106 0.008284023668639045 0.027368421052631518
0 0.18476331360946746 0.6735855263157895 0.007322485207100596 0.028092105263157925
