0 0.12085798816568045 0.6549013157894737 0.005991124260355025 0.027960526315789474
0 0.1139423076923077 0.6537828947368421 0.0071005917159763276 0.029144736842105234
0 0.09606139053254438 0.6442763157894736 0.00913461538461539 0.03052631578947367
0 0.08219304733727811 0.638717105263158 0.009356508875739649 0.03177631578947365
0 0.23317307692307693 0.747828947368421 0.005991124260355046 0.013026315789473655
0 0.22738535502958582 0.7466447368421053 0.004252958579881657 0.013421052631578858
0 0.9410872781065088 0.5750986842105263 0.016198224852070904 0.04967105263157895
1 0.8717270710059171 0.6804605263157895 0.019563609467455653 0.04565789473684209
0 0.5732618343195266 0.7509868421052631 0.004215976331360896 0.011842105263157895
1 0.5770894970414201 0.7484539473684211 0.0035133136094674558 0.010723684210526286
1 0.534375 0.6846710526315788 0.005362426035502958 0.02486842105263155
1 0.5249075443786982 0.6841118421052631 0.005880177514792849 0.025723684210526405
1 0.503069526627219 0.6824342105263158 0.005991124260355046 0.025263157894736828
1 0.4872041420118344 0.6826973684210527 0.005695266272189299 0.026052631578947383
