1 0.7343934911242603 0.681546052631579 0.007174556213017785 0.023750000000000014
1 0.7214312130177515 0.635625 0.006915680473372714 0.02875000000000003
1 0.7132026627218935 0.6351644736842106 0.006434911242603584 0.015065789473684196
3 0.5996486686390533 0.6205592105263158 0.010761834319526594 0.01598684210526313
1 0.5741309171597633 0.6025328947368421 0.008468934911242638 0.038355263157894705
0 0.17416789940828403 0.43368421052631584 0.021042899408284015 0.06776315789473684
3 0.44180843195266273 0.7118750000000001 0.004918639053254421 0.007434210526315759
3 0.45379068047337284 0.7140460526315789 0.003217455621301792 0.005855263157894647
1 0.45092455621301775 0.7078289473684211 0.0040680473372781065 0.006973684210526405
3 0.3560835798816568 0.7244407894736843 0.004622781065088758 0.00874999999999997
