0 0.07647928994082841 0.4842763157894736 0.03409763313609468 0.02657894736842104
0 0.1189534023668639 0.4855263157894737 0.0323594674556213 0.02776315789473687
0 0.19767011834319526 0.48141447368421053 0.04334319526627221 0.023355263157894737
0 0.2282914201183432 0.6742105263157896 0.007692307692307718 0.01000000000000003
0 0.23872041420118342 0.6794407894736842 0.00798816568047334 0.009671052631578827
0 0.2514238165680473 0.6841776315789474 0.009208579881656796 0.008881578947368421
1 0.3842825443786982 0.758453947368421 0.0034763313609466953 0.0124342105263157
1 0.3872781065088757 0.7578947368421053 0.0022928994082840404 0.010657894736841986
3 0.5810650887573964 0.7362171052631579 0.00821005917159765 0.005986842105263098
3 0.6068047337278106 0.7388157894736842 0.006065088757396483 0.008157894736842164
3 0.6180103550295858 0.7399342105263157 0.006730769230769248 0.006052631578947398
1 0.6459504437869823 0.7765789473684211 0.003291420118343145 0.008421052631578918
0 0.6429548816568048 0.7760526315789473 0.0023298816568047167 0.008421052631578918
0 0.7351516272189349 0.7628947368421052 0.0040310650887573456 0.02355263157894734
0 0.7406065088757396 0.763092105263158 0.002884615384615368 0.02394736842105254
