3 0.27949334319526625 0.7000657894736841 0.014607988165680473 0.010263157894736932
0 0.2930658284023669 0.7003618421052631 0.008542899408284031 0.009276315789473624
1 0.3065273668639053 0.7007894736842104 0.01409023668639054 0.010657894736842135
3 0.33433801775147926 0.7019736842105263 0.014238165680473373 0.010394736842105384
1 0.3970229289940828 0.7515131578947368 0.004992603550295858 0.018421052631578946
0 0.3927329881656805 0.7526973684210526 0.0037352071005916825 0.017105263157894738
1 0.7835244082840237 0.4407236842105263 0.05965236686390539 0.1993421052631579
0 0.7827292899408284 0.6518421052631579 0.01775147928994083 0.018552631578947324
0 0.7957470414201183 0.6475657894736842 0.011464497041420118 0.01657894736842101
0 0.8075813609467455 0.644046052631579 0.015458579881656704 0.01585526315789475
0 0.8379992603550295 0.6367105263157894 0.010096153846153746 0.01828947368421057
