0 0.6840421597633136 0.6465460526315789 0.016087278106508875 0.04861842105263164
0 0.8146819526627219 0.5941447368421052 0.01782544378698218 0.018421052631578946
3 0.7919378698224853 0.5991118421052631 0.010724852071005916 0.01598684210526313
0 0.7761094674556213 0.6004605263157895 0.014423076923076924 0.011578947368421067
0 0.7597818047337277 0.6053618421052632 0.012980769230769197 0.012434210526315775
1 0.16910133136094674 0.6673684210526316 0.011945266272189333 0.007763157894736812
1 0.183228550295858 0.6674671052631579 0.011575443786982253 0.007960526315789489
3 0.22242973372781066 0.669046052631579 0.01164940828402367 0.0076973684210525865
1 0.20151627218934914 0.6679934210526316 0.006139053254437878 0.009013157894736872
0 0.8281065088757396 0.6814802631578947 0.009171597633135993 0.022697368421052556
