0 0.05560281065088757 0.7222368421052632 0.011945266272189354 0.022105263157894676
0 0.13857248520710058 0.5954605263157894 0.013831360946745554 0.04236842105263156
0 0.16479289940828404 0.5973026315789474 0.013239644970414206 0.04342105263157895
0 0.16355399408284024 0.6797697368421053 0.006841715976331361 0.022039473684210525
0 0.1696190828402367 0.6817105263157895 0.006028106508875744 0.022105263157894753
3 0.191198224852071 0.7507236842105263 0.004511834319526644 0.01381578947368421
3 0.487814349112426 0.7074342105263157 0.004105029585798783 0.019342105263157956
3 0.49768860946745563 0.7081578947368422 0.00403106508875743 0.017763157894736842
3 0.5286612426035503 0.7598355263157895 0.003772189349112359 0.010855263157894738
0 0.6661242603550295 0.6596381578947368 0.006360946745562147 0.02888157894736833
0 0.6713757396449704 0.657171052631579 0.00628698224852071 0.030000000000000016
0 0.6798816568047338 0.7407236842105264 0.0058431952662721725 0.015921052631578978
0 0.6834504437869823 0.7402960526315789 0.0020340236686390532 0.01598684210526328
