0 0.05253328402366864 0.5951644736842105 0.023335798816568044 0.030197368421052615
0 0.0999630177514793 0.5928289473684211 0.031286982248520716 0.033026315789473716
0 0.14770710059171596 0.5975 0.021745562130177518 0.027368421052631594
1 0.14746671597633135 0.8086842105263158 0.005732248520710059 0.016710526315789533
0 0.15384615384615385 0.8068421052631579 0.00495562130177514 0.018289473684210498
1 0.5123890532544378 0.7780263157894737 0.0040680473372781065 0.01381578947368421
1 0.35848742603550293 0.7602302631578947 0.004400887573964489 0.0058552631578947965
1 0.36917529585798814 0.759046052631579 0.005584319526627185 0.006776315789473804
1 0.3793823964497041 0.7589802631578948 0.0036612426035502873 0.007697368421052662
3 0.39999999999999997 0.7569736842105262 0.004807692307692308 0.0071052631578947065
