0 0.05915310650887574 0.6033223684210526 0.03465236686390533 0.021118421052631595
0 0.09820636094674556 0.607467105263158 0.03657544378698225 0.022828947368421084
0 0.14661612426035503 0.6110855263157895 0.01845414201183431 0.01888157894736845
0 0.19565458579881656 0.6174671052631578 0.035909763313609476 0.021644736842105248
3 0.20462278106508874 0.7855263157894737 0.004142011834319502 0.012105263157894796
0 0.20822855029585796 0.7846052631578947 0.0025517751479289855 0.010789473684210437
1 0.6896449704142013 0.7707236842105263 0.004733727810650871 0.030394736842105145
0 0.7685650887573964 0.7212500000000002 0.009689349112426136 0.010394736842105233
1 0.7773853550295858 0.7189473684210526 0.005732248520710059 0.010263157894736783
0 0.7874075443786983 0.7182565789473684 0.010909763313609468 0.007171052631579007
3 0.6060281065088756 0.7953618421052631 0.00399408284023667 0.008355263157894767
1 0.45249630177514794 0.7587171052631579 0.007581360946745562 0.006381578947368302
3 0.46396079881656804 0.7583223684210527 0.004770710059171631 0.007960526315789564
3 0.47638683431952666 0.7595065789473685 0.007507396449704125 0.005986842105263098
3 0.48504068047337284 0.7594407894736841 0.007285502958579899 0.004934210526315789
0 0.08265532544378698 0.7078289473684211 0.007322485207100596 0.01131578947368424
1 0.09193786982248521 0.7106907894736842 0.004807692307692308 0.009407894736842224
0 0.10038831360946747 0.7141447368421052 0.010465976331360951 0.009078947368421172
0 0.10852440828402368 0.7157894736842105 0.004696745562130174 0.007894736842105263
