0 0.24347263313609468 0.705 0.004696745562130194 0.02592105263157886
1 0.22616494082840236 0.7874342105263159 0.0038091715976331614 0.011447368421052541
0 0.25780325443786983 0.7046710526315789 0.005177514792899409 0.024473684210526345
0 0.1967085798816568 0.7807894736842105 0.005917159763313609 0.010526315789473684
0 0.21081730769230766 0.7371052631578948 0.004031065088757388 0.015526315789473773
0 0.20700813609467456 0.7361184210526316 0.003143491124260355 0.015921052631578978
1 0.4796042899408284 0.7763486842105264 0.003883136094674556 0.011644736842105293
0 0.5609097633136095 0.7073026315789473 0.002736686390532578 0.01999999999999991
0 0.5726516272189349 0.7628947368421052 0.004844674556212984 0.010394736842105233
1 0.4434171597633136 0.7370723684210526 0.002736686390532578 0.014276315789473713
1 0.4497965976331361 0.7373026315789474 0.002995562130177481 0.01381578947368421
0 0.5640717455621301 0.7075328947368421 0.003957100591715909 0.017039473684210587
