1 0.18091715976331363 0.7770394736842104 0.006952662721893496 0.018289473684210498
0 0.8010170118343195 0.6519407894736843 0.009208579881656838 0.012434210526315775
1 0.7724297337278107 0.6618092105263158 0.010096153846153913 0.016776315789473684
1 0.7485576923076923 0.669046052631579 0.013017751479289958 0.01782894736842107
0 0.7226516272189349 0.6756907894736842 0.009578402366863938 0.0157236842105263
3 0.5490199704142011 0.7873026315789474 0.004105029585798783 0.016184210526315728
3 0.3643860946745562 0.7355921052631579 0.006065088757396441 0.009210526315789473
3 0.3933616863905326 0.7389802631578948 0.007877218934911227 0.012039473684210647
1 0.4116309171597633 0.7417763157894737 0.004992603550295858 0.009473684210526375
1 0.4335798816568048 0.7451315789473684 0.0060650887573964 0.009868421052631578
0 0.09578402366863906 0.027499999999999997 0.08106508875739646 0.05499999999999999
0 0.31390532544378696 0.036414473684210524 0.060133136094674564 0.07282894736842105
0 0.49195636094674555 0.044506578947368425 0.07740384615384623 0.08901315789473685
0 0.7041420118343196 0.07282894736842105 0.05554733727810644 0.07131578947368421
