0 0.3509430473372781 0.5785197368421052 0.016974852071005908 0.025065789473684225
0 0.4137573964497041 0.5808552631578948 0.014940828402366898 0.02657894736842104
0 0.46556952662721895 0.5813815789473684 0.021375739644970398 0.023421052631578964
0 0.5313239644970413 0.5840131578947368 0.01523668639053256 0.02552631578947373
1 0.8022004437869821 0.7416776315789473 0.008838757396449739 0.012171052631578947
0 0.681305473372781 0.7047368421052632 0.006989644970414235 0.012105263157894796
0 0.6666420118343195 0.7070065789473685 0.003920118343195317 0.010592105263157984
0 0.6387389053254439 0.7123026315789474 0.005806213017751496 0.010921052631578887
1 0.6533284023668638 0.7094078947368421 0.006656804733727811 0.011842105263157895
3 0.3738350591715976 0.7432894736842106 0.00551035502958579 0.008421052631578918
3 0.39718934911242604 0.7455921052631579 0.006952662721893558 0.009473684210526375
1 0.41190828402366864 0.7472368421052633 0.0040680473372781065 0.007763157894736812
1 0.23635355029585794 0.7768092105263158 0.004289940828402375 0.01493421052631567
