0 0.7001479289940828 0.6648026315789474 0.004585798816568081 0.020263157894736886
0 0.6981878698224853 0.6663486842105263 0.004437869822485207 0.018749999999999926
0 0.7036242603550296 0.7254276315789474 0.005103550295857971 0.01111842105263149
1 0.5922152366863905 0.7044736842105265 0.0030695266272189182 0.013947368421052661
1 0.5845414201183432 0.7051644736842104 0.0030325443786982415 0.014144736842105264
0 0.3962093195266272 0.6809539473684211 0.005288461538461521 0.02374999999999994
0 0.3831545857988166 0.683125 0.004918639053254421 0.023223684210526285
0 0.3705066568047337 0.7199013157894737 0.0036612426035502873 0.012828947368421053
0 0.3677699704142012 0.7186513157894736 0.002995562130177523 0.014013157894736812
0 0.34312130177514794 0.7592105263157894 0.0025887573964497044 0.009868421052631578
0 0.34632026627218937 0.7594078947368421 0.0038091715976331614 0.010263157894736783
