0 0.19746671597633136 0.4935526315789474 0.028661242603550317 0.10315789473684216
0 0.1423076923076923 0.4938486842105263 0.03986686390532545 0.03993421052631582
0 0.0689534023668639 0.49292763157894737 0.03435650887573965 0.10256578947368428
0 0.01569896449704142 0.49125 0.03139792899408284 0.10289473684210525
3 0.11449704142011835 0.7996381578947369 0.006952662721893496 0.030986842105263097
3 0.4463202662721893 0.7372697368421053 0.007951183431952663 0.009407894736842075
0 0.46000369822485204 0.7325 0.003957100591715993 0.015131578947368421
0 0.47400147928994074 0.732532894736842 0.004142011834319543 0.018223684210526347
1 0.43509615384615385 0.7356578947368422 0.004733727810650954 0.01644736842105263
0 0.5173816568047337 0.7804605263157895 0.0030325443786981578 0.018552631578947397
3 0.6406065088757396 0.7628289473684211 0.00436390532544377 0.015394736842105324
1 0.6796597633136096 0.6980921052631578 0.011538461538461555 0.05815789473684209
0 0.813332100591716 0.6372697368421053 0.01135355029585792 0.04217105263157896
0 0.7985761834319526 0.6423684210526316 0.009504437869822418 0.03684210526315789
