0 0.03132396449704142 0.48625 0.03779585798816568 0.10381578947368418
0 0.09252958579881657 0.48273026315789475 0.04252958579881657 0.03822368421052626
0 0.1453957100591716 0.48085526315789473 0.034282544378698224 0.10276315789473688
3 0.5004068047337278 0.7199671052631579 0.005991124260355046 0.028486842105263126
2 0.48217455621301775 0.7194407894736843 0.005769230769230736 0.028092105263157925
2 0.469064349112426 0.7201973684210525 0.008321005917159764 0.011710526315789444
1 0.4559171597633136 0.7195723684210527 0.0049556213017751816 0.02756578947368427
0 0.7130177514792899 0.7130263157894736 0.012500000000000067 0.06802631578947374
0 0.8552884615384615 0.6057565789473685 0.012943786982248521 0.05506578947368424
0 0.8389792899408285 0.6120723684210526 0.012795857988165647 0.05243421052631582
0 0.8267011834319525 0.6180263157894736 0.013535502958579849 0.02355263157894734
0 0.8144970414201184 0.6230921052631578 0.011464497041420118 0.04842105263157896
0 0.10943047337278106 0.7317434210526316 0.009393491124260368 0.031776315789473805
0 0.11985946745562132 0.7350328947368421 0.00894970414201183 0.029276315789473685
0 0.09389792899408284 0.7185526315789474 0.007544378698224865 0.01644736842105263
0 0.1520894970414201 0.8016447368421052 0.003883136094674556 0.023289473684210586
1 0.6361871301775148 0.768453947368421 0.004844674556212984 0.02532894736842105
