0 0.12396449704142014 0.6502302631578948 0.010798816568047332 0.023881578947368393
0 0.15146079881656804 0.6789473684210526 0.00802514792899408 0.026184210526315834
0 0.16115014792899407 0.6804276315789474 0.0080251479289941 0.009276315789473624
0 0.1713942307692308 0.6833881578947368 0.007655325443786978 0.024539473684210573
0 0.18352440828402367 0.6862499999999999 0.006915680473372798 0.024210526315789443
0 0.3281619822485207 0.6221052631578947 0.009060650887573964 0.036578947368421065
0 0.3581545857988166 0.6230921052631578 0.008321005917159764 0.039868421052631595
0 0.3810281065088757 0.6252302631578947 0.014423076923076924 0.017171052631578962
0 0.4038091715976332 0.6258881578947367 0.008505917159763314 0.04282894736842107
3 0.5766826923076923 0.7097697368421052 0.003957100591715993 0.01888157894736845
