0 0.4521264792899408 0.6041118421052631 0.015199704142011801 0.05967105263157898
0 0.4234097633136095 0.6065789473684211 0.017529585798816517 0.021578947368421024
0 0.39513683431952656 0.6081249999999999 0.014164201183431936 0.057828947368421035
0 0.3640902366863905 0.6108881578947368 0.013091715976331394 0.059539473684210524
0 0.2046042899408284 0.7547697368421052 0.009060650887573964 0.04151315789473678
3 0.2419748520710059 0.7870394736842107 0.003772189349112401 0.01631578947368418
0 0.0900887573964497 0.7171710526315789 0.008136094674556213 0.029078947368421083
0 0.10085059171597635 0.7207236842105263 0.007840236686390528 0.011052631578947487
0 0.11427514792899408 0.7228947368421053 0.006582840236686374 0.0252631578947369
1 0.4717455621301775 0.7242105263157896 0.004955621301775097 0.02250000000000003
0 0.48413461538461533 0.7256249999999999 0.006139053254437921 0.007039473684210556
3 0.49680103550295857 0.7258552631578947 0.004326923076923094 0.020789473684210465
3 0.5126109467455621 0.7260526315789473 0.004659763313609518 0.02355263157894734
0 0.7260724852071005 0.7221052631578947 0.00872781065088754 0.045657894736842015
3 0.7180288461538462 0.7652302631578948 0.005066568047337295 0.015460526315789473
