0 0.024223372781065088 0.28878289473684216 0.048446745562130175 0.0669078947368421
0 0.0899223372781065 0.2887828947368421 0.05528846153846153 0.15703947368421048
3 0.04214127218934911 0.7795723684210525 0.011797337278106512 0.037697368421052604
3 0.4675295857988166 0.690032894736842 0.007618343195266239 0.035197368421052554
3 0.448853550295858 0.6921052631578948 0.00798816568047334 0.03592105263157889
3 0.43180473372781064 0.6934868421052631 0.011612426035502908 0.015526315789473773
1 0.41129807692307696 0.6957894736842105 0.007137573964497024 0.03644736842105254
3 0.6916050295857988 0.737532894736842 0.007544378698224802 0.03230263157894731
0 0.739478550295858 0.6217105263157895 0.02326183431952666 0.10289473684210532
0 0.8105769230769232 0.5859539473684211 0.015236686390532645 0.059934210526315805
0 0.8275702662721893 0.5745065789473685 0.016383136094674622 0.060460526315789534
1 0.800258875739645 0.5946381578947367 0.01582840236686397 0.02427631578947367
0 0.787758875739645 0.6042434210526316 0.014718934911242671 0.0534868421052632
0 0.9352995562130179 0.7000986842105263 0.008025147928994183 0.028092105263157925
0 0.3188239644970414 0.7694078947368421 0.008062130177514776 0.025921052631579008
