0 0.14291789940828403 0.5208223684210526 0.029844674556213015 0.0991447368421053
0 0.08796227810650889 0.5233223684210526 0.038424556213017755 0.03940789473684209
0 0.03293269230769231 0.52 0.03590976331360946 0.10078947368421055
0 0.4604105029585799 0.7378947368421052 0.00403106508875743 0.008289473684210616
1 0.4443602071005917 0.738125 0.004252958579881657 0.008223684210526315
1 0.42043269230769226 0.739671052631579 0.004474852071005967 0.0063157894736841505
0 0.5677329881656805 0.7363815789473686 0.007433431952662772 0.043289473684210496
1 0.6331915680473373 0.7866447368421053 0.004548816568047321 0.014736842105263218
0 0.11780695266272187 0.8113815789473684 0.004696745562130174 0.021447368421052573
0 0.057766272189349106 0.7517434210526316 0.007248520710059169 0.030592105263157896
0 0.04535872781065089 0.7477631578947368 0.007581360946745562 0.031052631578947398
0 0.03394970414201184 0.7462171052631579 0.008949704142011836 0.01506578947368427
0 0.02440828402366864 0.7428947368421053 0.009689349112426034 0.036578947368420996
