0 0.7698594674556213 0.5938157894736842 0.014053254437869823 0.05789473684210526
0 0.7569526627218934 0.6032894736842105 0.012499999999999898 0.05381578947368418
0 0.7371116863905326 0.6199671052631578 0.01224112426035508 0.05006578947368422
0 0.7481323964497042 0.6123355263157895 0.010539940828402367 0.027434210526315818
3 0.48957100591715985 0.7238815789473684 0.005991124260355046 0.029605263157894735
1 0.4717270710059172 0.7227302631578947 0.006915680473372798 0.030592105263157896
3 0.45715606508875745 0.7228947368421053 0.008912721893491175 0.01381578947368421
3 0.44319526627218936 0.7235197368421052 0.0073964497041420114 0.029802631578947487
0 0.05637943786982248 0.6867105263157894 0.015865384615384618 0.04578947368421046
0 0.07169008875739645 0.690921052631579 0.015273668639053259 0.01749999999999994
0 0.0836353550295858 0.6939802631578946 0.015717455621301776 0.04296052631578944
0 0.10042529585798816 0.6970065789473685 0.011871301775147938 0.03940789473684216
