0 0.16457100591715976 0.50125 0.027736686390532544 0.09223684210526319
0 0.22977071005917157 0.49588815789473684 0.026627218934911243 0.09546052631578941
0 0.271875 0.4933552631578948 0.03339497041420117 0.03723684210526317
0 0.3161057692307692 0.4886184210526316 0.02592455621301772 0.09223684210526312
0 0.04659763313609468 0.6667763157894737 0.009393491124260352 0.022236842105263204
1 0.03448594674556213 0.6693421052631578 0.01068786982248521 0.020657894736842014
3 0.45965236686390537 0.7088157894736843 0.005991124260355046 0.025
3 0.47198594674556216 0.7086184210526315 0.008394970414201116 0.011842105263157895
3 0.4821930473372781 0.7081578947368422 0.005806213017751496 0.02605263157894746
3 0.5006102071005918 0.7085855263157894 0.005288461538461521 0.025723684210526256
0 0.6294933431952663 0.6897697368421053 0.009282544378698276 0.03335526315789469
0 0.783284023668639 0.6381578947368421 0.00983727810650901 0.039342105263157866
0 0.7719119822485208 0.6446052631578947 0.010318047337277972 0.03697368421052627
0 0.7575813609467456 0.6521381578947368 0.009467455621301826 0.03519736842105263
0 0.5399038461538462 0.7460197368421051 0.007618343195266323 0.019539473684210558
0 0.9821745562130179 0.7005263157894737 0.01013313609467459 0.0247368421052631
